Expect=0  Output=2
[0.07839398285714286, 0.5843063761904761, 0.8018382055955127, 0.1912147438095238, 0.030769883809523807, 0.13654727619047619, 0.06407802335929902, 0.22827038666666666, 0.1160491676190476, 0]

Expect=1  Output=1
[0.05190952952380952, 0.15328432095238095, 0.1156802160019596, 0.03423843809523809, 0.003180655238095238, 0.05758584571428571, 0.02274341382134315, 0.06277945333333333, 0.052687406666666665, 1]

Expect=1  Output=1
[0.08351732857142857, 0.09081735619047619, 0.21868314731121216, 0.06294085904761905, 0.0014233238095238095, 0.012542823809523809, 0.027493740227016443, 0.09349884095238095, 0.06281892285714286, 1]

Expect=3  Output=3
[0.8817557428571428, 0.15856998666666666, 0.26146898087610104, 0.6622606409523809, 0.21719667714285715, 0.30395433047619047, 0.33890393107525624, 0.7128559447619047, 0.8317141066666667, 3]

Expect=1  Output=2
[0.06297058952380953, 0.6054490409523808, 1.1441248716900931, 0.1261301095238095, 0.02858450952380952, 0.18760665333333332, 0.08907862411875755, 0.1545862095238095, 0.09412359333333334, 1]

Expect=1  Output=1
[0.04004917523809524, 0.29023112761904757, 0.30583947426991254, 0.030978506666666666, 0.001146827619047619, 0.02131593238095238, 0.03436892601075656, 0.05575509238095238, 0.03106138857142857, 1]

Expect=1  Output=1
[0.025778201904761905, 0.21334870952380952, 0.3248553994905752, 0.0008584571428571429, 5.0669809523809523e-05, 0.013338897142857142, 0.023785746137479084, 0.018175721904761903, 0.023027518095238092, 1]

Expect=1  Output=1
[0.038137613333333334, 0.11436259714285714, 0.3644719121853536, 0.010133158095238097, 0.0004453561904761905, 0.019614894285714283, 0.014607597389922015, 0.03522733238095238, 0.031665399999999996, 1]

Expect=3  Output=3
[0.7051927180952382, 0.30080246, 1.0078440694262831, 0.39316652, 0.19440327999999998, 0.4547339961904762, 0.9927570093595491, 0.11818385333333332, 0.8028605199999999, 3]

Expect=0  Output=2
[0.06761475523809522, 0.53481332, 1.2122652722158656, 0.15987774857142859, 0.02987393333333333, 0.1573260657142857, 0.06677499768153265, 0.19404765428571427, 0.1101424257142857, 0]

Expect=3  Output=3
[0.6698801133333333, 0.15088174476190475, 0.432612312711126, 0.28342031714285715, 0.08360522761904762, 0.2636308161904762, 0.37386097130214246, 0.28267828095238096, 0.6659697714285714, 3]

Expect=2  Output=2
[0.34650388857142855, 0.1681802895238095, 0.15054274678543975, 0.1571650419047619, 0.015658475238095236, 0.08038900095238094, 0.13587071080772362, 0.18263883047619048, 0.3227030419047619, 2]

Expect=1  Output=0
[0.11727074761904761, 0.17779059142857143, 0.5165993187997159, 0.09484620285714286, 0.006945053333333333, 0.05430450476190476, 0.06821017585935628, 0.1226325, 0.10591211714285714, 1]

Expect=1  Output=1
[0.08426294190476191, 0.21911489142857143, 0.31851675775035426, 0.05966819999999999, 0.007101009523809523, 0.08513270761904762, 0.04883471104016259, 0.08608101619047617, 0.08939465238095237, 1]

Expect=2  Output=2
[0.49216450571428566, 0.25178991904761905, 0.3375326841832822, 0.5662752323809523, 0.06007501999999999, 0.09200959238095237, 0.23261937458803605, 0.6179702057142857, 0.3619343914285714, 2]

Expect=0  Output=2
[0.14894647428571428, 0.4819566571428571, 0.2234371280102452, 0.19083550857142856, 0.036985484761904754, 0.1659737923809524, 0.12112593623976232, 0.2219705476190476, 0.14839259523809523, 0]

Expect=3  Output=3
[0.6345675085714285, 0.1158041419047619, 0.40884240557916507, 0.23081585809523808, 0.04046931047619047, 0.15151126857142855, 0.3023516425158714, 0.23563775428571426, 0.6183592723809523, 3]

Expect=2  Output=2
[0.50597692, 0.20950458857142856, 0.16005070939577107, 0.5636052323809524, 0.05866647428571428, 0.09010265047619047, 0.2055436605114927, 0.6190440190476191, 0.3686308304761905, 2]

Expect=1  Output=1
[0.03296956571428571, 0.4694632647619047, 0.47381348523482697, 0.031875856190476184, 0.004220138095238095, 0.08120426571428571, 0.06070808586485981, 0.05002995047619047, 0.03950454952380952, 1]

Expect=1  Output=1
[0.05553878952380952, 0.1835567733333333, 0.22502178905143305, 0.035739538095238096, 0.0011294285714285716, 0.018277513333333332, 0.022956021669710582, 0.06301727047619048, 0.04248695142857143, 1]

Expect=0  Output=2
[0.11857271999999999, 0.5506703190476191, 0.2884082088781724, 0.09238636476190476, 0.026260333333333333, 0.2272191276190476, 0.1688631822032742, 0.09574041238095239, 0.13760008761904763, 0]

Accuracy : 71.42857142857143