Expect=0  Output=1
[0.060976885714285715, 0.38969775619047614, 0.4531590409523809, 0.06558513619047618, 0.009205501904761904, 0.10312001523809523, 0.06970810476190477, 0.07602062259512221, 0.07099541904761904, 0]

Expect=0  Output=0
[0.09175318857142857, 0.5184758057142856, 0.5539993771428572, 0.09604605809523808, 0.017583281904761904, 0.14505535904761904, 0.13663069142857143, 0.09677356122734436, 0.1030237019047619, 0]

Expect=2  Output=0
[0.2355350742857143, 0.08049241428571428, 0.12261093809523808, 0.14176492857142856, 0.0015052923809523808, 0.0022374066666666667, 0.038380670476190475, 0.164612626928921, 0.18205716095238092, 2]

Expect=3  Output=3
[0.5639422990476191, 0.08697323523809523, 0.3057367580952381, 0.09215954857142857, 0.06695047142857143, 0.5897276, 0.24987583714285713, -0.013924053956492101, 0.7172053552380953, 3]

Expect=1  Output=0
[0.13364660857142857, 0.18211522761904758, 0.1469032057142857, 0.05420838476190476, 0.005918794285714286, 0.07623230761904762, 0.05774902666666667, 0.06501170849393621, 0.12951579047619047, 1]

Expect=0  Output=1
[0.06619529333333332, 0.3627889095238095, 0.21288515428571425, 0.05017174095238095, 0.006111044761904761, 0.08407061619047619, 0.06169575142857142, 0.05927044948054167, 0.07054149238095238, 0]

Expect=1  Output=1
[0.02454783904761905, 0.3161789438095238, 0.18674136285714288, 0.016328717142857142, 0.0006650552380952381, 0.020657218095238093, 0.025255512380952378, 0.026634371149331156, 0.01716565238095238, 1]

Expect=3  Output=3
[0.6519124085714286, 0.10849188285714284, 0.1476943619047619, 0.13748731904761904, 0.01715525238095238, 0.10118463428571428, 0.20796282000000002, 0.12901946613232115, 0.6241491085714285, 3]

Expect=1  Output=1
[0.006356268571428571, 0.44543750857142855, 0.2801120447619047, 0.004370058095238095, 0.00040430285714285717, 0.025299058095238094, 0.03125946095238095, 0.005502496266318944, 0.005768578095238095, 1]

Expect=1  Output=1
[0.09442439523809525, 0.2541924942857143, 0.11826953047619047, 0.0878440123809524, 0.006758534285714286, 0.056791604761904764, 0.052049613333333335, 0.10543229979822266, 0.08281231714285715, 1]

Expect=3  Output=3
[0.7934742304761904, 0.19028398476190475, 0.6025521323809523, 0.4522347571428571, 0.15119385428571427, 0.30641486571428567, 0.6264223580952382, 0.4122231109159798, 0.8015637771428571, 3]

Expect=1  Output=1
[0.05553878952380952, 0.1835567733333333, 0.17678182380952379, 0.035739538095238096, 0.0011294285714285716, 0.018277513333333332, 0.022022385714285712, 0.049970672393999715, 0.04248695142857143, 1]

Expect=1  Output=1
[0.08351732857142857, 0.09081735619047619, 0.17180205428571427, 0.06294085904761905, 0.0014233238095238095, 0.012542823809523809, 0.02637555238095238, 0.08087666990217927, 0.06281892285714286, 1]

Expect=0  Output=0
[0.10130232095238094, 0.3791264238095238, 0.29256146857142856, 0.09030989047619047, 0.013133421904761904, 0.11297142380952381, 0.09295859619047618, 0.10051123871518394, 0.10460067619047618, 0]

Expect=3  Output=3
[0.6169112066666667, 0.18379284857142858, 0.24215213619047615, 0.21348295619047616, 0.07122119523809524, 0.29371757428571427, 0.3383404295238095, 0.1876454780857956, 0.6157709380952381, 3]

Expect=1  Output=1
[0.05190952952380952, 0.09562250761904761, 0.14316837809523808, 0.04677020476190476, 0.0008393990476190475, 0.00917575619047619, 0.0025212419047619047, 0.06394701002028345, 0.03687019904761905, 1]

Expect=1  Output=1
[0.05261578095238095, 0.25803661523809523, 0.17429193904761905, 0.01724162857142857, 0.0023118161904761903, 0.06574032666666667, 0.0390898780952381, 0.023382866382795884, 0.05349480761904762, 1]

Expect=1  Output=1
[0.03296956571428571, 0.4694632647619047, 0.37223778380952377, 0.031875856190476184, 0.004220138095238095, 0.08120426571428571, 0.058239049523809525, 0.036802516249569484, 0.03950454952380952, 1]

Expect=2  Output=2
[0.4933170895238095, 0.12157032380952382, 0.20790538476190473, 0.324319619047619, 0.02560483904761905, 0.06502283142857143, 0.15677715142857143, 0.35406874746314726, 0.4161867161904762, 2]

Expect=1  Output=1
[0.046965764761904755, 0.30897121714285714, 0.4780578895238095, 0.026280926666666662, 0.000908935238095238, 0.019304330476190474, 0.062370425714285714, 0.026859289439399334, 0.04122989809523809, 1]

Expect=2  Output=2
[0.19293726666666666, 0.2618807361904762, 0.15188297523809524, 0.17104639904761904, 0.01787799142857143, 0.08530046857142856, 0.09471667238095237, 0.19167535496699808, 0.17144284761904763, 2]

Accuracy : 80.95238095238095