Expect=2  Output=2
[0.3562385257142857, 0.2693877554687782, 0.24525365714285713, 0.4819980731082271, 0.18061900034760708, 0.17226370945768557, 0.22414611954223643, 0.49843145386405496, 0.29757579523809524, 2]

Expect=0  Output=0
[0.060976885714285715, 0.44136054427377625, 0.4531590409523809, 0.09431639237580998, 0.040120753636142883, 0.16653373239101488, 0.08810889751912278, 0.11851653980786643, 0.07099541904761904, 0]

Expect=1  Output=1
[0.018362554285714285, 0.5001360547539896, 0.32990974190476186, 0.0253143182718545, 0.008203206484676165, 0.08580747267150955, 0.048891338070170196, 0.04950255480856906, 0.020561750476190473, 1]

Expect=3  Output=3
[0.7051927180952382, 0.3406802717119042, 0.79178338, 0.565403228891008, 0.8472765726009412, 0.7343729484119144, 1.2434788584708505, 0.15789452500286677, 0.8028605199999999, 3]

Expect=0  Output=2
[0.14019104095238097, 0.6699319722411667, 0.20915032666666666, 0.2619644515318641, 0.2320181257178285, 0.40877005454714116, 0.19748423456946573, 0.2791854448911208, 0.164095899047619, 0]

Expect=1  Output=0
[0.11727074761904761, 0.20136054404510473, 0.4058512295238095, 0.13639602208112767, 0.030268938799784702, 0.08769909355390322, 0.08251698097144972, 0.16383795071228055, 0.10591211714285714, 1]

Expect=1  Output=1
[0.05261578095238095, 0.29224489783406143, 0.17429193904761905, 0.024794767534186715, 0.010075692644434968, 0.10616738121233417, 0.048031331472199984, 0.049157852126611154, 0.05349480761904762, 1]

Expect=1  Output=1
[0.014831294285714284, 0.3281632648703521, 0.3149704323809524, 0.0020617184940574557, 0.0002862872337542268, 0.021679766154043042, 0.032779349306812845, 0.019888162700351954, 0.01289690476190476, 1]

Expect=0  Output=2
[0.09781591523809523, 0.7123809521522807, 0.6286959228571428, 0.15482174122681064, 0.12689080859045332, 0.3564333501212833, 0.23210489485992278, 0.1475793605465882, 0.12670100476190474, 0]

Expect=1  Output=1
[0.0889877638095238, 0.16108843545181165, 0.26890756285714285, 0.09173223877505614, 0.022928734444166318, 0.09417250006440192, 0.05391750128553907, 0.12356823389163106, 0.08489545142857143, 1]

Expect=3  Output=3
[0.8817557428571428, 0.5866666659073044, 0.48926237142857143, 1.369595930015821, 4.150804807119271, 1.5380482081185447, 1.1927782760693806, 1.2723881804212203, 0.8726613019047619, 3]

Expect=2  Output=2
[0.50597692, 0.23727891108139534, 0.12573918476190477, 0.810507004024802, 0.25568873765597605, 0.14551133111721812, 0.25496788817067506, 0.8270475076464712, 0.3686308304761905, 2]

Expect=1  Output=0
[0.12977962095238094, 0.35863945576936923, 0.23653906, 0.17133350347453782, 0.06157983337627651, 0.15238162173953254, 0.1121467734291851, 0.19567109388548257, 0.1259349619047619, 1]

Expect=1  Output=1
[0.05540023142857142, 0.18176870757791344, 0.13071895428571426, 0.05064325424107005, 0.009392582244912928, 0.06048447635716062, 0.02463736162035985, 0.0845816671106328, 0.04897933619047619, 1]

Expect=3  Output=3
[0.5462859971428572, 0.10993197242669277, 0.19545596, 0.3343032133074922, 0.13695126778124617, 0.18582375921779015, 0.21021174107505822, 0.3499203972514588, 0.5079031866666667, 3]

Expect=1  Output=1
[0.03314325047619047, 0.02394557802419374, 0.2801120447619047, 0.011737626124473927, 0.0002768466433009147, 0.01206142018951187, -0.0031351579585421163, 0.04760345564704591, 0.026036419999999998, 1]

Expect=3  Output=3
[0.7758179285714285, 0.10176870714214312, 0.36227824476190473, 0.21754946902243927, 0.11937317808335461, 0.2445302626127032, 0.4939690091352859, 0.0758821811658531, 0.8094379923809524, 3]

Expect=0  Output=2
[0.10134717619047619, 1.0786394553767444, 0.4817927171428571, 0.29659242204983777, 0.23764393561637678, 0.37234707197817524, 0.17843050724257656, 0.31686612405568376, 0.12115034095238095, 0]

Expect=1  Output=1
[0.04004917523809524, 0.32870748269980726, 0.2402738876190476, 0.04454943848106638, 0.004998270473784005, 0.034424178183044864, 0.040022215387302135, 0.07448922657100789, 0.03106138857142857, 1]

Expect=1  Output=1
[0.09442439523809525, 0.287891156277059, 0.11826953047619047, 0.12632634192487235, 0.02945602443233443, 0.09171563723723544, 0.0649949084490746, 0.15727114258924482, 0.08281231714285715, 1]

Expect=2  Output=2
[0.34650388857142855, 0.19047619069191832, 0.11826953047619047, 0.22601523182020425, 0.06824503800496597, 0.12982426681061196, 0.1674789308046314, 0.24400686364305268, 0.3227030419047619, 2]

Accuracy : 76.19047619047619