Expect=2  Output=3
[0.5455584904761905, 0.18884243904761908, 0.27264239047619043, 0.7310189254721687, 0.2804025713662969, 0.2326892299405712, 0.22831524005318196, 0.7367799940857884, 0.4391128276190476, 2]

Expect=1  Output=1
[0.05540023142857142, 0.1604920476190476, 0.13071895428571426, 0.05064325424107005, 0.009392582244912928, 0.07844006689225873, 0.018867499816521485, 0.06747242069016134, 0.04897933619047619, 1]

Expect=0  Output=1
[0.06619529333333332, 0.3627889095238095, 0.21288515428571425, 0.07215076282069849, 0.02663404167294709, 0.1760749233299046, 0.05944294816831895, 0.07955798937455182, 0.07054149238095238, 0]

Expect=1  Output=1
[0.05190952952380952, 0.20566046761904763, 0.28384687238095235, 0.013107997245786138, 0.002625873835470179, 0.05528520185775717, 0.03812283218077841, 0.01181050984480639, 0.05331083523809524, 1]

Expect=1  Output=1
[0.03296956571428571, 0.4694632647619047, 0.37223778380952377, 0.04583989504945809, 0.01839281796704252, 0.17007172669353873, 0.055977946962629206, 0.04939956120463119, 0.03950454952380952, 1]

Expect=1  Output=1
[0.018362554285714285, 0.44159338857142855, 0.32990974190476186, 0.0253143182718545, 0.008203206484676165, 0.11128051859891872, 0.03744140002824511, 0.03173767679866567, 0.020561750476190473, 1]

Expect=0  Output=1
[0.058794055238095236, 0.5372158952380952, 0.18674136285714288, 0.07972966568751658, 0.045055985837321164, 0.28019736614070956, 0.07959370809974851, 0.08126157180471202, 0.07013717238095238, 0]

Expect=3  Output=3
[0.5639422990476191, 0.08697323523809523, 0.3057367580952381, 0.13253240976730013, 0.2917932555768465, 1.2351074211264266, 0.24807484118418854, -0.018690084965273673, 0.7172053552380953, 3]

Expect=2  Output=2
[0.3562385257142857, 0.23785498095238095, 0.24525365714285713, 0.4819980731082271, 0.18061900034760708, 0.22340239523905175, 0.1716529933076243, 0.4890570951208653, 0.29757579523809524, 2]

Expect=0  Output=0
[0.07839398285714286, 0.5843063761904761, 0.6299408647619048, 0.2749812816245688, 0.1341057707126265, 0.28598043258863404, 0.05921858888272611, 0.29198081738945936, 0.1160491676190476, 0]

Expect=1  Output=0
[0.11727074761904761, 0.17779059142857143, 0.4058512295238095, 0.13639602208112767, 0.030268938799784702, 0.11373369133821096, 0.06319220163786332, 0.14821001096635572, 0.10591211714285714, 1]

Expect=3  Output=3
[0.6698801133333333, 0.15088174476190475, 0.33986928095238095, 0.4075798784847829, 0.3643804297365159, 0.5521403059895349, 0.3571159857606569, 0.36602874738944846, 0.6659697714285714, 3]

Expect=1  Output=0
[0.13364660857142857, 0.18211522761904758, 0.1469032057142857, 0.07795576229976824, 0.025796147762167577, 0.1596586099580185, 0.055486747594677775, 0.08726441015568906, 0.12951579047619047, 1]

Expect=3  Output=3
[0.8817557428571428, 0.5179952904761904, 0.48926237142857143, 1.369595930015821, 4.150804807119271, 1.994637493692288, 0.9134396877258301, 1.277479138656829, 0.8726613019047619, 3]

Expect=1  Output=1
[0.03314325047619047, 0.02114266476190476, 0.2801120447619047, 0.011737626124473927, 0.0002768466433009147, 0.015642007064659732, -0.0024009304697089266, 0.029803083312456163, 0.026036419999999998, 1]

Expect=0  Output=2
[0.09781591523809523, 0.6289942819047619, 0.6286959228571428, 0.15482174122681064, 0.12689080859045332, 0.4622451496653384, 0.1777478907304917, 0.13164754636905102, 0.12670100476190474, 0]

Expect=1  Output=0
[0.07309709238095238, 0.4468790542857143, 0.4133208838095238, 0.10347779212077299, 0.06355805298688706, 0.3220030750975184, 0.08982360673689387, 0.10547150222218675, 0.09071565142857144, 1]

Expect=1  Output=1
[0.05967830190476191, 0.2176733457142857, 0.12698412666666667, 0.05791978182724703, 0.01543420316581924, 0.11877392885319706, 0.02461765437538442, 0.07318676158385225, 0.05564653428571428, 1]

Expect=1  Output=0
[0.12977962095238094, 0.31665945904761905, 0.23653906, 0.17133350347453782, 0.06157983337627651, 0.1976180554464655, 0.08588294719634519, 0.18063811829017662, 0.1259349619047619, 1]

Expect=3  Output=3
[0.5992549038095237, 0.1561674114285714, 0.3983815752380952, 0.48013170966883933, 0.3275067261768382, 0.4208169956665232, 0.3311873458152952, 0.4556851147760643, 0.5834867257142857, 3]

Expect=2  Output=0
[0.1931599485714286, 0.07880447809523809, 0.37721755333333334, 0.2587048885462026, 0.008498851707868042, 0.004618132328570918, 0.05512112519662539, 0.2747756019166988, 0.13872684857142856, 2]

Accuracy : 57.14285714285714