Expect=0  Output=0
[0.0, 0.6012506019370715, 0.5308352847619047, 0.0, 0.0, 0.3505783838095238, 0.05205156380952381, 0.0, 0]

Expect=0  Output=0
[0.0, 0.4569504574338867, 0.49960968, 0.3751803752380952, 0.11820330952380952, 0.6330281742857142, 0.1171160180952381, 0.01587301619047619, 0]

Expect=1  Output=1
[0.39215686285714285, 0.8080808088349584, 0.6869633095238096, 0.4040404038095238, 0.3613644038095238, 0.5421900504761905, 0.28831686380952376, 0.3015873019047619, 1]

Expect=1  Output=1
[0.7282913161904762, 0.5002405001148085, 0.5620608895238095, 0.0, 0.0, 0.44283585238095236, 0.1573746495238095, 0.26984126952380955, 1]

Expect=0  Output=1
[0.056022408571428574, 0.5772005770555482, 0.6245120999999999, 0.4617604619047619, 0.22514916095238094, 0.5521254704761904, 0.44081167904761903, 0.31746031714285716, 0]

Expect=0  Output=0
[0.22408963619047617, 0.4329004335095544, 0.0, 0.0, 0.0, 0.3974167904761905, 0.2163393114285714, 0.15873015904761903, 0]

Expect=1  Output=1
[0.5042016809523809, 0.5387205385851784, 0.6401249028571427, 0.23088023047619044, 0.0, 0.4002554819047619, 0.4896100199999999, 0.46031745999999996, 1]

Expect=0  Output=1
[0.11204481809523809, 0.4425204428878491, 0.5932864952380952, 0.19240019238095235, 0.0, 0.34348165523809515, 0.6587776019047619, 0.11111111142857141, 0]

Expect=0  Output=0
[0.056022408571428574, 0.43771043772010626, 0.42154566761904766, 0.24050024095238096, 0.11257458095238096, 0.35767511142857145, 0.06343784285714285, 0.03174603142857143, 0]

Expect=1  Output=1
[0.5602240895238094, 0.5339105343746264, 0.5464480876190476, 0.25974026, 0.0, 0.3903200628571428, 0.025619128571428573, 0.3015873019047619, 1]

Expect=0  Output=1
[0.16806722666666668, 0.5916305916015858, 0.7806401247619047, 0.3367003371428571, 0.27017899333333334, 0.8132850752380952, 0.32613557809523813, 0.01587301619047619, 0]

Expect=1  Output=1
[0.39215686285714285, 0.7215007215587331, 0.6088992971428572, 0.2789802790476191, 0.14184397142857144, 0.49960968, 0.2496848438095238, 0.5238095238095238, 1]

Expect=0  Output=0
[0.11204481809523809, 0.4858104855687709, 0.4527712723809524, 0.1635401638095238, 0.2983226390476191, 0.34348165523809515, 0.21796592285714284, 0.03174603142857143, 0]

Expect=1  Output=1
[0.33613445333333336, 0.5531505531312159, 0.4683840752380952, 0.3751803752380952, 0.0, 0.4783194942857142, 0.06791102476190476, 0.3015873019047619, 1]

Expect=0  Output=1
[0.2801120447619047, 0.5002405001148085, 0.5776736923809523, 0.0, 0.0, 0.4087715561904761, 0.030498962857142858, 0.42857142857142855, 0]

Expect=1  Output=1
[0.39215686285714285, 0.5483405489206641, 0.49960968, 0.0, 0.0, 0.3889007171428571, 0.2659509580952381, 0.20634920666666665, 1]

Expect=0  Output=0
[0.11204481809523809, 0.4858104855687709, 0.4527712723809524, 0.3367003371428571, 0.10131712285714285, 0.309417359047619, 0.031312268571428575, 0.01587301619047619, 0]

Expect=1  Output=0
[0.16806722666666668, 0.582010582223291, 0.4059328647619047, 0.0, 0.0, 0.5109644457142857, 0.01992598952380952, 0.06349206380952381, 1]

Expect=0  Output=1
[0.5042016809523809, 0.7407407412725134, 0.6088992971428572, 0.28860028857142855, 0.11257458095238096, 0.4385778152380952, 0.03497214380952381, 0.38095238095238093, 0]

Expect=0  Output=0
[0.11204481809523809, 0.5772005770555482, 0.42154566761904766, 0.0, 0.0, 0.38038464285714285, 0.15330812095238094, 0.09523809523809523, 0]

Expect=0  Output=0
[0.11204481809523809, 0.4521404522661438, 0.5932864952380952, 0.17316017333333333, 0.07429922285714285, 0.4485132352380952, 0.23219877238095238, 0.03174603142857143, 0]

Expect=0  Output=0
[0.11204481809523809, 0.6204906206936609, 0.5776736923809523, 0.25012025047619046, 0.23077789047619046, 0.4712227666666667, 0.2086129076190476, 0.06349206380952381, 0]

Expect=0  Output=0
[0.0, 0.4521404522661438, 0.5464480876190476, 0.25974026, 0.1294607676190476, 0.6174153714285714, 0.10938961428571428, 0.0, 0]

Expect=0  Output=1
[0.5602240895238094, 0.32708032747673943, 0.8274785323809524, 0.22126022095238093, 0.05516154476190476, 0.503867717142857, 0.0841771380952381, 0.41269841238095234, 0]

Expect=1  Output=0
[0.0, 0.5723905728449963, 0.0, 0.0, 0.0, 0.45986800095238095, 0.025619128571428573, 0.047619047619047616, 1]

Expect=0  Output=1
[0.2801120447619047, 0.654160653996288, 0.6401249028571427, 0.0, 0.0, 0.0, 0.22853889619047618, 0.7619047619047619, 0]

Expect=0  Output=0
[0.11204481809523809, 0.5339105343746264, 0.4683840752380952, 0.0, 0.0, 0.3718685685714286, 0.10776300285714285, 0.03174603142857143, 0]

Expect=0  Output=0
[0.0, 0.49062049073651376, 0.6713505076190476, 0.1635401638095238, 0.11820330952380952, 0.4158682847619047, 0.2509048028571429, 0.09523809523809523, 0]

Expect=1  Output=1
[0.33613445333333336, 0.7070707070126955, 0.6245120999999999, 0.0, 0.0, 0.4187069761904762, 0.040665283809523806, 0.46031745999999996, 1]

Expect=1  Output=1
[0.39215686285714285, 0.46657046681218145, 0.5932864952380952, 0.30784030761904757, 0.10244286857142855, 0.5805123838095237, 0.3224757028571428, 0.17460317428571429, 1]

Expect=0  Output=0
[0.16806722666666668, 0.5098605104502941, 0.5620608895238095, 0.0, 0.0, 0.36619118571428566, 0.052458216190476185, 0.09523809523809523, 0]

Expect=0  Output=0
[0.056022408571428574, 0.5098605104502941, 0.5464480876190476, 0.26936026952380954, 0.1519756838095238, 0.48541622285714286, 0.026025781904761906, 0.01587301619047619, 0]

Expect=0  Output=0
[0.0, 0.49062049073651376, 0.6088992971428572, 0.3848003847619047, 0.10131712285714285, 0.48967426, 0.0650644542857143, 0.047619047619047616, 0]

Expect=0  Output=1
[0.16806722666666668, 0.49543049590425653, 0.5620608895238095, 0.28860028857142855, 0.17111336285714285, 0.3917394085714285, 0.2651376523809524, 0.09523809523809523, 0]

Expect=1  Output=1
[0.33613445333333336, 0.9379509378349147, 0.5464480876190476, 0.0, 0.0, 0.4385778152380952, 0.10166321047619047, 0.15873015904761903, 1]

Expect=0  Output=1
[0.33613445333333336, 0.5050505052825512, 0.6245120999999999, 0.26936026952380954, 0.0, 0.46128734666666665, 0.3253222723809524, 0.07936507904761904, 0]

Expect=1  Output=1
[0.44817927142857145, 0.8032708036672156, 0.8274785323809524, 0.44252044285714287, 0.26004728095238094, 0.5336739761904762, 0.03537879714285714, 0.3492063495238096, 1]

Expect=0  Output=1
[0.2801120447619047, 0.615680615525918, 0.6245120999999999, 0.0, 0.0, 0.49109360571428573, 0.02683908761904762, 0.38095238095238093, 0]

Expect=0  Output=0
[0.11204481809523809, 0.2693602692925892, 0.4371584695238095, 0.26936026952380954, 0.05065856095238095, 0.34348165523809515, 0.10328982190476191, 0.01587301619047619, 0]

Expect=1  Output=1
[0.16806722666666668, 0.8369408369698427, 0.4527712723809524, 0.21164021142857142, 0.21839468666666667, 0.4669647295238095, 0.20942621238095238, 0.23809523809523808, 1]

Expect=0  Output=1
[0.44817927142857145, 0.43771043772010626, 0.6401249028571427, 0.0, 0.0, 0.5052870628571429, 0.2069862961904762, 0.7460317457142857, 0]

Expect=0  Output=0
[0.11204481809523809, 0.5194805198285888, 0.49960968, 0.0, 0.0, 0.4371584695238095, 0.032532227619047616, 0.0, 0]

Expect=0  Output=0
[0.11204481809523809, 0.32708032747673943, 0.48399687714285716, 0.12506012476190476, 0.016886186666666667, 0.2852884819047619, 0.07279085809523808, 0.03174603142857143, 0]

Expect=0  Output=1
[0.11204481809523809, 0.7551707558185511, 0.5776736923809523, 0.3367003371428571, 0.4953281552380952, 0.559222198095238, 0.022772559047619045, 0.14285714285714285, 0]

Expect=0  Output=0
[0.0, 0.447330447098401, 0.4683840752380952, 0.0, 0.0, 0.5010290257142858, 0.07523077523809524, 0.06349206380952381, 0]

Expect=0  Output=1
[0.33613445333333336, 0.8802308806079553, 0.7338017171428571, 0.0, 0.0, 0.579093038095238, 0.5624008780952381, 0.38095238095238093, 0]

Expect=0  Output=1
[0.22408963619047617, 0.4329004335095544, 0.6869633095238096, 0.45214045238095235, 0.06079027333333333, 0.5350933219047619, 0.11548940666666666, 0.12698412666666667, 0]

Expect=1  Output=0
[0.0, 0.860990860894175, 0.3903200628571428, 0.34632034666666667, 0.17899358285714284, 0.5365126676190476, 0.15330812095238094, 0.01587301619047619, 1]

Expect=0  Output=1
[0.11204481809523809, 0.5387205385851784, 0.6713505076190476, 0.4040404038095238, 0.18011932952380955, 0.5450287419047618, 0.06831767714285714, 0.11111111142857141, 0]

Expect=1  Output=1
[0.5042016809523809, 0.7503607506508081, 0.6713505076190476, 0.0, 0.0, 0.3519977285714285, 0.06181123142857142, 0.5079365076190475, 1]

Expect=0  Output=1
[0.5602240895238094, 0.4425204428878491, 0.48399687714285716, 0.0, 0.0, 0.36761053142857136, 0.036192102857142854, 0.15873015904761903, 0]

Expect=1  Output=1
[0.6162464990476191, 0.654160653996288, 0.6557377047619047, 0.3367003371428571, 0.14634695523809524, 0.4016748276190476, 0.07401081714285714, 0.3333333333333333, 1]

Expect=0  Output=1
[0.33613445333333336, 0.7936507942889209, 0.5308352847619047, 0.25012025047619046, 0.1891252952380952, 0.4769001485714286, 0.22487902095238094, 0.44444444476190476, 0]

Expect=0  Output=1
[0.2801120447619047, 0.5916305916015858, 0.5776736923809523, 0.3848003847619047, 0.08668242666666666, 0.48399687714285716, 0.07767069238095238, 0.11111111142857141, 0]

Expect=1  Output=1
[0.056022408571428574, 0.8032708036672156, 0.5776736923809523, 0.1635401638095238, 0.1621073961904762, 0.33212688952380953, 0.1500548980952381, 0.19047619047619047, 1]

Expect=1  Output=1
[0.16806722666666668, 0.3848003847036988, 0.6401249028571427, 0.2982202980952381, 0.07880220666666667, 0.48541622285714286, 0.4936765485714286, 0.09523809523809523, 1]

Expect=1  Output=1
[0.11204481809523809, 0.7455507454830653, 0.4059328647619047, 0.25974026, 0.6079027352380952, 0.549286779047619, 0.06587776, 0.06349206380952381, 1]

Expect=0  Output=0
[0.056022408571428574, 0.481000481358219, 0.5776736923809523, 0.11544011523809522, 0.05178430666666666, 0.2767724076190476, 0.028872351428571426, 0.11111111142857141, 0]

Expect=0  Output=0
[0.0, 0.6349206352396984, 0.6088992971428572, 0.0, 0.0, 0.45986800095238095, 0.12809564476190477, 0.0, 0]

Expect=1  Output=1
[0.22408963619047617, 0.8802308806079553, 0.0, 0.0, 0.0, 0.40309417333333336, 0.054491480952380954, 0.23809523809523808, 1]

Expect=1  Output=1
[0.056022408571428574, 0.8706108712296607, 0.6088992971428572, 0.4040404038095238, 0.329843520952381, 0.5677382723809523, 0.47985035142857135, 0.01587301619047619, 1]

Expect=0  Output=0
[0.056022408571428574, 0.47619047619047616, 0.4527712723809524, 0.09620009619047618, 0.0, 0.3605138028571428, 0.19234679333333335, 0.0, 0]

Expect=0  Output=0
[0.22408963619047617, 0.4521404522661438, 0.507416080952381, 0.21164021142857142, 0.0, 0.3505783838095238, 0.028465699047619048, 0.0, 0]

Expect=0  Output=0
[0.056022408571428574, 0.5387205385851784, 0.6245120999999999, 0.4329004333333333, 0.14859844666666666, 0.4939322971428572, 0.05652474476190476, 0.047619047619047616, 0]

Expect=0  Output=1
[0.6162464990476191, 0.6108706113153662, 0.8274785323809524, 0.0, 0.0, 0.5535448161904762, 0.04554511809523809, 0.47619047619047616, 0]

Expect=1  Output=1
[0.22408963619047617, 0.6974506976344006, 0.6401249028571427, 0.17316017333333333, 0.0, 0.46128734666666665, 0.06384449619047618, 0.7777777780952381, 1]

Expect=1  Output=1
[0.056022408571428574, 0.9571909575486951, 0.5932864952380952, 0.4136604133333333, 0.0, 0.6088992971428572, 0.5351551380952381, 0.01587301619047619, 1]

Expect=1  Output=1
[0.5042016809523809, 0.6974506976344006, 0.6245120999999999, 0.44252044285714287, 0.14634695523809524, 0.5379320133333333, 0.2273189380952381, 0.3015873019047619, 1]

Expect=0  Output=1
[0.5602240895238094, 0.7792207797428833, 0.6557377047619047, 0.0, 0.0, 0.3931587542857143, 0.042291895238095234, 0.5238095238095238, 0]

Expect=0  Output=0
[0.056022408571428574, 0.5627705625095106, 0.4683840752380952, 0.22126022095238093, 0.11932905523809523, 0.47973884000000006, 0.1577813019047619, 0.09523809523809523, 0]

Expect=0  Output=0
[0.0, 0.514670514660846, 0.4683840752380952, 0.24050024095238096, 0.0, 0.37470726, 0.022365906666666668, 0.03174603142857143, 0]

Expect=0  Output=1
[0.33613445333333336, 0.5627705625095106, 0.74941452, 0.0, 0.0, 0.40735221047619047, 0.03212557428571428, 0.14285714285714285, 0]

Expect=0  Output=1
[0.33613445333333336, 0.4713804719799243, 0.4527712723809524, 0.31746031714285716, 0.21389170285714285, 0.4825775314285714, 0.14314179999999999, 0.3492063495238096, 0]

Expect=0  Output=0
[0.22408963619047617, 0.615680615525918, 0.5464480876190476, 0.0, 0.0, 0.4868355685714286, 0.09149688952380952, 0.047619047619047616, 0]

Expect=1  Output=1
[0.6162464990476191, 0.6637806643317737, 0.5776736923809523, 0.25012025047619046, 0.1621073961904762, 0.5123837914285714, 0.19478671047619048, 0.46031745999999996, 1]

Expect=0  Output=0
[0.056022408571428574, 0.615680615525918, 0.6401249028571427, 0.1635401638095238, 0.20601148285714285, 0.3903200628571428, 0.01504615523809524, 0.01587301619047619, 0]

Accuracy : 67.10526315789474