Expect=0  Output=0
[0.06349206306031747, 0.4355108876190476, 0.49960968, 0.23088023047619044, 0.0, 0.4681738013260173, 0.04635842380952381, 0.0, 0]

Expect=1  Output=1
[0.06349206306031747, 0.6125867428571428, 0.7650273228571429, 0.39442039428571424, 0.06529325714285714, 0.5130671794911489, 0.505469480952381, 0.19047619047619047, 1]

Expect=1  Output=1
[0.31746031746031744, 0.6221584114285714, 0.6401249028571427, 0.0, 0.0, 0.6269039604147886, 0.3570411942857143, 0.25396825428571423, 1]

Expect=1  Output=1
[0.0, 0.6173725771428571, 0.8587041371428571, 0.44252044285714287, 0.14634695523809524, 1.0758377420661047, 0.09800333428571428, 0.07936507904761904, 1]

Expect=0  Output=1
[0.12698412720000002, 0.3589375447619048, 0.49960968, 0.23088023047619044, 0.06191601904761904, 0.47619047619047616, 0.11874262952380951, 0.19047619047619047, 0]

Expect=0  Output=0
[0.06349206306031747, 0.41636755238095235, 0.6088992971428572, 0.25974026, 0.036023865714285716, 0.554753887710497, 0.009353015238095239, 0.01587301619047619, 0]

Expect=0  Output=1
[0.4444444446603175, 0.569514238095238, 0.0, 0.0, 0.0, 0.4040404034861846, 0.0532715219047619, 0.25396825428571423, 0]

Expect=0  Output=1
[0.25396825440000004, 0.6748025847619048, 0.5776736923809523, 0.0, 0.0, 0.44252044283558684, 0.06750437142857144, 0.3015873019047619, 0]

Expect=0  Output=1
[0.0, 0.7035175876190476, 0.6635441057142856, 0.519480519047619, 0.0, 0.6862273522601084, 0.12077589333333334, 0.047619047619047616, 0]

Expect=0  Output=0
[0.06349206306031747, 0.45944005714285713, 0.49960968, 0.25974026, 0.09793988476190477, 0.5323071991658501, 0.08580374952380952, 0.0, 0]

Expect=1  Output=1
[0.507936507720635, 0.899736779047619, 0.6088992971428572, 0.0, 0.0, 0.7679974348017504, 0.023992517142857137, 0.3492063495238096, 1]

Expect=0  Output=0
[0.31746031746031744, 0.5312275666666666, 0.5620608895238095, 0.26936026952380954, 0.0, 0.3831970499144294, 0.13378878476190476, 0.09523809523809523, 0]

Expect=0  Output=0
[0.06349206306031747, 0.521655898095238, 0.4371584695238095, 0.2020202019047619, 0.1519756838095238, 0.4040404034861846, 0.3070228942857143, 0.03174603142857143, 0]

Expect=0  Output=0
[0.0, 0.48336922666666665, 0.5932864952380952, 0.0, 0.0, 0.5723905724123064, 0.04879834095238095, 0.07936507904761904, 0]

Expect=1  Output=1
[0.38095238052063496, 0.488155060952381, 0.6401249028571427, 0.0, 0.0, 0.49382715981644776, 0.04147858952380953, 0.23809523809523808, 1]

Expect=1  Output=1
[0.0, 0.6269442447619048, 0.6869633095238096, 0.0, 0.0, 0.5066538395995819, 0.270424139047619, 0.17460317428571429, 1]

Expect=0  Output=0
[0.06349206306031747, 0.3780808809523809, 0.4683840752380952, 0.4040404038095238, 0.05403579904761905, 0.6974506970703507, 0.24399170380952379, 0.03174603142857143, 0]

Expect=0  Output=1
[0.25396825440000004, 0.7226609238095238, 0.7025761123809523, 0.3655603657142857, 0.0, 0.47619047619047616, 0.08783701333333334, 0.23809523809523808, 0]

Expect=0  Output=1
[0.25396825440000004, 0.5743000714285713, 0.5308352847619047, 0.0, 0.0, 0.47458714121758433, 0.2565979419047619, 0.20634920666666665, 0]

Expect=0  Output=0
[0.19047619026031748, 0.7083034219047618, 0.5152224828571429, 0.24050024095238096, 0.0, 0.5210838543556078, 0.07238420571428571, 0.01587301619047619, 0]

Expect=0  Output=0
[0.06349206306031747, 0.5025125628571429, 0.4527712723809524, 0.0, 0.0, 0.38961038980599644, 0.04432516, 0.0, 0]

Expect=0  Output=1
[0.19047619026031748, 0.5312275666666666, 0.7025761123809523, 0.11544011523809522, 0.08780817333333332, 0.45534712154288326, 0.1695742342857143, 0.12698412666666667, 0]

Expect=1  Output=1
[1.0793650795809524, 0.7800909304761905, 0.5620608895238095, 0.39442039428571424, 0.12833502190476193, 0.6557639888510025, 0.3005164495238095, 0.41269841238095234, 1]

Expect=0  Output=1
[0.5714285718603175, 0.5886575733333334, 0.5464480876190476, 0.42328042285714285, 0.10582010571428571, 0.5307038641929583, 0.12036924095238097, 0.3015873019047619, 0]

Expect=1  Output=1
[0.507936507720635, 0.8662359419047619, 0.5308352847619047, 0.34632034666666667, 0.5572441742857143, 0.48260381608204317, 0.21837257523809522, 0.6190476190476191, 1]

Expect=0  Output=1
[0.12698412720000002, 0.6987317542857143, 0.5932864952380952, 0.3367003371428571, 0.21839468666666667, 0.6124739456587628, 0.10206986285714285, 0.12698412666666667, 0]

Expect=1  Output=1
[0.4444444446603175, 0.7609475952380953, 0.5152224828571429, 0.0, 0.0, 0.4874138210007185, 0.12402911619047617, 0.23809523809523808, 1]

Expect=1  Output=1
[0.507936507720635, 0.8566642733333333, 0.5620608895238095, 0.4040404038095238, 0.14634695523809524, 0.5242905243013912, 0.26066447047619046, 0.23809523809523808, 1]

Expect=1  Output=1
[0.507936507720635, 0.521655898095238, 0.5932864952380952, 0.3751803752380952, 0.12833502190476193, 0.4473304466784245, 0.22853889619047618, 0.15873015904761903, 1]

Expect=1  Output=1
[0.38095238052063496, 0.4977267285714286, 0.5776736923809523, 0.17316017333333333, 0.17561634571428572, 0.4793971461362597, 0.2618844295238095, 0.31746031714285716, 1]

Expect=1  Output=1
[0.31746031746031744, 0.6652309161904763, 0.6245120999999999, 0.3367003371428571, 0.18011932952380955, 0.5066538395995819, 0.11508275428571427, 0.06349206380952381, 1]

Expect=0  Output=0
[0.19047619026031748, 0.3541517104761905, 0.5308352847619047, 0.26936026952380954, 0.05065856095238095, 0.47619047619047616, 0.08743036095238095, 0.03174603142857143, 0]

Expect=0  Output=0
[0.12698412720000002, 0.41636755238095235, 0.0, 0.22126022095238093, 0.0, 0.4633637964073421, 0.2826237238095238, 0.06349206380952381, 0]

Expect=0  Output=1
[0.0, 0.5455850685714286, 0.6245120999999999, 0.32708032666666664, 0.32083755523809515, 0.708674041880593, 0.036192102857142854, 0.09523809523809523, 0]

Expect=0  Output=1
[0.25396825440000004, 0.5264417323809523, 0.5152224828571429, 0.0, 0.0, 0.5114638445182572, 0.15981456666666666, 0.12698412666666667, 0]

Expect=0  Output=0
[0.31746031746031744, 0.34936587714285716, 0.4683840752380952, 0.0, 0.0, 0.42969376305245277, 0.07726403999999999, 0.09523809523809523, 0]

Expect=0  Output=1
[0.25396825440000004, 0.9428092847619048, 0.5464480876190476, 0.3751803752380952, 0.8375548800000001, 0.5884239210653862, 0.9153755438095237, 0.15873015904761903, 0]

Expect=1  Output=1
[0.25396825440000004, 0.521655898095238, 0.49960968, 0.42328042285714285, 0.11144883523809522, 0.5579605576562806, 0.336301899047619, 0.07936507904761904, 1]

Expect=0  Output=1
[0.38095238052063496, 0.40679588380952375, 0.6088992971428572, 0.0, 0.0, 0.5002404997080149, 0.1236224638095238, 0.3333333333333333, 0]

Expect=0  Output=1
[0.4444444446603175, 0.6795884180952382, 0.4683840752380952, 0.31746031714285716, 0.21389170285714285, 0.4617604614344502, 0.24765157999999998, 0.6349206352380952, 0]

Expect=0  Output=0
[0.12698412720000002, 0.47379755904761905, 0.5464480876190476, 0.15392015428571426, 0.04953281523809523, 0.3270803269390554, 0.06384449619047618, 0.09523809523809523, 0]

Expect=0  Output=1
[0.4444444446603175, 0.488155060952381, 0.5776736923809523, 0.3848003847619047, 0.11820330952380952, 0.596440595929845, 0.05123825809523809, 0.38095238095238093, 0]

Expect=1  Output=0
[0.19047619026031748, 0.5120842304761904, 0.48399687714285716, 0.12506012476190476, 0.05403579904761905, 0.36716370018551175, 0.24399170380952379, 0.03174603142857143, 1]

Expect=0  Output=1
[0.38095238052063496, 0.5982292419047619, 0.5308352847619047, 0.28860028857142855, 0.13508949714285712, 0.48100048110915145, 0.1569679961904762, 0.17460317428571429, 0]

Expect=0  Output=1
[0.38095238052063496, 0.41636755238095235, 0.6245120999999999, 0.0, 0.0, 0.371973705104187, 0.0024399171428571426, 0.17460317428571429, 0]

Expect=1  Output=1
[0.4444444446603175, 0.8805934438095236, 0.6557377047619047, 0.31746031714285716, 0.0, 0.5691839024665228, 0.11264283714285714, 0.31746031714285716, 1]

Expect=0  Output=0
[0.12698412720000002, 0.47379755904761905, 0.4059328647619047, 0.14430014476190475, 0.10582010571428571, 0.3944203947246717, 0.2273189380952381, 0.0, 0]

Expect=1  Output=1
[0.25396825440000004, 0.7083034219047618, 0.4683840752380952, 0.25974026, 0.3579871666666667, 0.49543049478933954, 0.02927900476190476, 0.12698412666666667, 1]

Expect=0  Output=0
[0.12698412720000002, 0.47858339333333333, 0.49960968, 0.22126022095238093, 0.0, 0.47619047619047616, 0.11792932380952381, 0.0, 0]

Expect=0  Output=1
[0.38095238052063496, 0.4929408952380952, 0.5620608895238095, 0.30784030761904757, 0.21389170285714285, 0.604457270794304, 0.10003659904761905, 0.53968254, 0]

Expect=0  Output=0
[0.12698412720000002, 0.38765254857142856, 0.4683840752380952, 0.21164021142857142, 0.0, 0.44412377780847867, 0.0862104019047619, 0.06349206380952381, 0]

Expect=0  Output=0
[0.06349206306031747, 0.6604450828571429, 0.6401249028571427, 0.0, 0.0, 0.6429373090678685, 0.06425114857142857, 0.11111111142857141, 0]

Expect=0  Output=0
[0.06349206306031747, 0.0, 0.5776736923809523, 0.19240019238095235, 0.02589215333333333, 0.44412377780847867, 0.08987027809523808, 0.0, 0]

Expect=0  Output=1
[0.31746031746031744, 0.6843742523809524, 0.6088992971428572, 0.0, 0.0, 0.7215007216637271, 0.04554511809523809, 0.41269841238095234, 0]

Expect=0  Output=0
[0.12698412720000002, 0.42115338571428573, 0.5776736923809523, 0.18278018285714284, 0.059664527619047614, 0.4649671313802338, 0.06140457904761904, 0.01587301619047619, 0]

Expect=0  Output=1
[0.0, 0.5168700647619047, 0.5308352847619047, 0.19240019238095235, 0.0, 0.4377104379169116, 0.28831686380952376, 0.17460317428571429, 0]

Expect=0  Output=1
[0.507936507720635, 0.40679588380952375, 0.42935206857142855, 0.19240019238095235, 0.0, 0.39121372477888816, 0.02358586476190476, 0.3333333333333333, 0]

Expect=1  Output=1
[0.4444444446603175, 0.7274467571428571, 0.6869633095238096, 0.42328042285714285, 0.0, 0.8016674681566397, 0.10532308571428571, 0.23809523809523808, 1]

Expect=0  Output=0
[0.0, 0.5407992342857143, 0.6245120999999999, 0.15392015428571426, 0.0, 0.4970338297622313, 0.32369566095238095, 0.0, 0]

Expect=0  Output=1
[0.4444444446603175, 0.8566642733333333, 0.741608119047619, 0.2982202980952381, 0.0, 0.54834054781893, 0.03497214380952381, 0.6190476190476191, 0]

Expect=0  Output=0
[0.06349206306031747, 0.3780808809523809, 0.6245120999999999, 0.24050024095238096, 0.04165259523809524, 0.40724707343196803, 0.20535968476190475, 0.01587301619047619, 0]

Expect=1  Output=1
[0.6984126990603176, 0.646087580952381, 0.0, 0.0, 0.0, 0.8385441714573126, 0.20332642, 0.3015873019047619, 1]

Expect=1  Output=1
[0.507936507720635, 0.9380234504761904, 0.5932864952380952, 0.2789802790476191, 0.3152088257142857, 0.6012506008485204, 0.21430604666666664, 0.5714285714285714, 1]

Expect=1  Output=1
[0.4444444446603175, 0.9284517828571429, 0.5308352847619047, 0.26936026952380954, 0.0, 0.5755972423580898, 0.27123744476190476, 0.31746031714285716, 1]

Expect=0  Output=0
[0.0, 0.4977267285714286, 0.5932864952380952, 0.0, 0.0, 0.2950136285570579, 0.20495303142857144, 0.09523809523809523, 0]

Expect=0  Output=0
[0.19047619026031748, 0.5312275666666666, 0.48399687714285716, 0.0, 0.0, 0.3623536952668365, 0.026025781904761906, 0.0, 0]

Expect=0  Output=0
[0.06349206306031747, 0.47858339333333333, 0.5152224828571429, 0.14430014476190475, 0.06304176476190476, 0.3783870449957541, 0.23911187047619042, 0.07936507904761904, 0]

Expect=0  Output=0
[0.25396825440000004, 0.4355108876190476, 0.5464480876190476, 0.30784030761904757, 0.09906563142857143, 0.5307038641929583, 0.14964824571428573, 0.01587301619047619, 0]

Expect=1  Output=1
[0.31746031746031744, 0.7753050971428571, 0.8118657295238094, 0.0, 0.0, 0.604457270794304, 0.02968565714285714, 0.4920634923809524, 1]

Expect=0  Output=0
[0.0, 0.569514238095238, 0.49960968, 0.17316017333333333, 0.10356861428571427, 0.5595638926291723, 0.26310438761904764, 0.03174603142857143, 0]

Expect=0  Output=0
[0.0, 0.5599425695238095, 0.6245120999999999, 0.2982202980952381, 0.059664527619047614, 0.7247073916095106, 0.004473180952380952, 0.047619047619047616, 0]

Expect=1  Output=1
[0.5714285718603175, 0.7465900933333333, 0.6713505076190476, 0.26936026952380954, 0.1744906, 0.5499438827918218, 0.4517913057142857, 0.3333333333333333, 1]

Expect=1  Output=1
[0.38095238052063496, 0.6413017466666667, 0.5464480876190476, 0.22126022095238093, 0.14634695523809524, 0.5675805674936311, 0.18868691809523808, 0.12698412666666667, 1]

Expect=0  Output=1
[0.25396825440000004, 0.58387174, 0.5308352847619047, 0.0, 0.0, 0.5611672276020641, 0.12850229714285713, 0.12698412666666667, 0]

Expect=1  Output=1
[0.6349206349206349, 0.5168700647619047, 0.5152224828571429, 0.0, 0.0, 0.519480519382716, 0.07889065142857143, 0.3333333333333333, 1]

Expect=1  Output=1
[0.31746031746031744, 0.756161760952381, 0.6557377047619047, 0.39442039428571424, 0.23640661904761903, 0.6317139642576262, 0.1289089504761905, 0.12698412666666667, 1]

Accuracy : 68.42105263157895