Expect=0  Output=1
[0.2801120447619047, 0.6652309161904763, 0.49960968, 0.3367003371428571, 0.17921147002312401, 0.4059328647619047, 0.13541539619047618, 0.07936507904761904, 0]

Expect=0  Output=0
[0.5602240895238094, 0.5503709019047619, 0.0, 0.0, 0.0, 0.5010290257142858, 0.022772559047619045, 0.12698412666666667, 0]

Expect=0  Output=1
[0.22408963619047617, 0.6987317542857143, 0.6635441057142856, 0.25974026, 0.12800819287366003, 0.41019090190476193, 0.045138465714285717, 0.09523809523809523, 0]

Expect=1  Output=1
[0.11204481809523809, 0.43072505428571434, 0.5308352847619047, 0.4040404038095238, 0.0, 0.5421900504761905, 0.17282745714285713, 0.09523809523809523, 1]

Expect=0  Output=1
[0.7282913161904762, 0.6939459199999999, 0.6401249028571427, 0.18278018285714284, 0.140809012161026, 0.315094740952381, 0.06791102476190476, 0.5714285714285714, 0]

Expect=0  Output=1
[0.39215686285714285, 0.6365159133333333, 0.6557377047619047, 0.0, 0.0, 0.5705769638095238, 0.2513114552380952, 0.25396825428571423, 0]

Expect=0  Output=0
[0.39215686285714285, 0.5025125628571429, 0.0, 0.0, 0.0, 0.0, 0.09231019523809524, 0.047619047619047616, 0]

Expect=0  Output=1
[0.2801120447619047, 0.5551567361904761, 0.5776736923809523, 0.0, 0.0, 0.36335249428571426, 0.05001829904761905, 0.14285714285714285, 0]

Expect=0  Output=0
[0.056022408571428574, 0.34936587714285716, 0.3903200628571428, 0.09620009619047618, 0.0, 0.32644950666666667, 0.06913098285714285, 0.0, 0]

Expect=0  Output=1
[0.0, 0.47858339333333333, 0.6869633095238096, 0.5772005771428571, 0.140809012161026, 0.6642537790476191, 0.3594811114285714, 0.15873015904761903, 0]

Expect=0  Output=0
[0.056022408571428574, 0.3780808809523809, 0.5854800933333332, 0.28860028857142855, 0.0, 0.4541906180952381, 0.12931560285714286, 0.01587301619047619, 0]

Expect=0  Output=0
[0.11204481809523809, 0.5360134000000001, 0.5152224828571429, 0.21164021142857142, 0.0, 0.35483642000000004, 0.0931235, 0.047619047619047616, 0]

Expect=0  Output=0
[0.16806722666666668, 0.5407992342857143, 0.34348165523809515, 0.12506012476190476, 0.0, 0.31793343238095234, 0.025212476190476188, 0.01587301619047619, 0]

Expect=0  Output=1
[0.39215686285714285, 0.2967217038095238, 0.6088992971428572, 0.0, 0.0, 0.46270669238095236, 0.12728233904761904, 0.31746031714285716, 0]

Expect=0  Output=0
[0.33613445333333336, 0.4402967219047618, 0.7181889152380951, 0.0, 0.0, 0.2824497904761905, 0.04473181238095238, 0.11111111142857141, 0]

Expect=1  Output=1
[0.0, 0.8614501076190475, 0.5152224828571429, 0.3751803752380952, 0.0, 0.5961251866666667, 0.7380749057142857, 0.06349206380952381, 1]

Expect=1  Output=1
[0.5602240895238094, 0.8040201009523809, 0.5776736923809523, 0.0, 0.0, 0.5393513590476191, 0.18665365333333334, 0.20634920666666665, 1]

Expect=0  Output=0
[0.11204481809523809, 0.3397942095238095, 0.5464480876190476, 0.25974026, 0.0, 0.3974167904761905, 0.20657964285714284, 0.01587301619047619, 0]

Expect=1  Output=1
[0.16806722666666668, 0.756161760952381, 0.5932864952380952, 0.34632034666666667, 0.3136200719989924, 0.4485132352380952, 0.3143426457142857, 0.11111111142857141, 1]

Expect=0  Output=1
[0.39215686285714285, 0.7178750895238096, 0.5152224828571429, 0.4040404038095238, 0.4377880183283781, 0.49251295142857143, 0.26025781809523807, 0.3333333333333333, 0]

Expect=0  Output=1
[0.056022408571428574, 0.40679588380952375, 0.5152224828571429, 0.2789802790476191, 0.0, 0.3775459514285714, 0.11101622571428571, 0.15873015904761903, 0]

Expect=0  Output=1
[0.16806722666666668, 0.6030150752380952, 0.6869633095238096, 0.39442039428571424, 0.30081925271162646, 0.5578028533333333, 0.2545646780952381, 0.09523809523809523, 0]

Expect=0  Output=1
[0.6162464990476191, 0.6604450828571429, 0.5932864952380952, 0.0, 0.0, 0.4712227666666667, 0.13907527142857143, 0.2222222219047619, 0]

Expect=0  Output=1
[0.39215686285714285, 0.5072983971428572, 0.7181889152380951, 0.17316017333333333, 0.0, 0.3221914695238095, 0.06384449619047618, 0.42857142857142855, 0]

Expect=1  Output=1
[0.39215686285714285, 0.9380234504761904, 0.7025761123809523, 0.0, 0.0, 0.564899580952381, 0.15168150952380952, 0.31746031714285716, 1]

Expect=1  Output=1
[0.11204481809523809, 0.9428092847619048, 0.5464480876190476, 0.4329004333333333, 0.6950844858961398, 0.4329004333333333, 0.032532227619047616, 0.5079365076190475, 1]

Expect=0  Output=0
[0.22408963619047617, 0.6173725771428571, 0.6713505076190476, 0.19240019238095235, 0.34562211967593276, 0.49819033428571424, 0.06221788476190476, 0.03174603142857143, 0]

Expect=1  Output=1
[0.39215686285714285, 0.4929408952380952, 0.5152224828571429, 0.30784030761904757, 0.0, 0.5549641619047618, 0.10816965523809524, 0.15873015904761903, 1]

Expect=0  Output=1
[0.5602240895238094, 0.6652309161904763, 0.6245120999999999, 0.0, 0.0, 0.38464267999999996, 0.5542678219047619, 0.5714285714285714, 0]

Expect=0  Output=1
[0.2801120447619047, 0.4546542238095238, 0.5620608895238095, 0.31746031714285716, 0.0, 0.5350933219047619, 0.11874262952380951, 0.09523809523809523, 0]

Expect=0  Output=1
[0.22408963619047617, 0.5264417323809523, 0.7181889152380951, 0.0, 0.0, 0.5336739761904762, 0.045951771428571424, 0.14285714285714285, 0]

Expect=0  Output=1
[0.0, 0.6987317542857143, 0.6401249028571427, 0.0, 0.0, 0.5748350009523809, 0.6925297876190477, 0.36507936476190467, 0]

Expect=0  Output=0
[0.056022408571428574, 0.48336922666666665, 0.3903200628571428, 0.14430014476190475, 0.04608294878474802, 0.34348165523809515, 0.18218047238095236, 0.07936507904761904, 0]

Expect=1  Output=1
[0.2801120447619047, 0.7944484323809524, 0.5620608895238095, 0.18278018285714284, 0.22401433698743037, 0.36619118571428566, 0.2069862961904762, 0.47619047619047616, 1]

Expect=0  Output=1
[0.16806722666666668, 0.8614501076190475, 0.49960968, 0.24050024095238096, 0.08960573501156201, 0.4825775314285714, 0.0784839980952381, 0.07936507904761904, 0]

Expect=1  Output=1
[0.39215686285714285, 0.47858339333333333, 0.0, 0.0, 0.0, 0.4258037047619047, 0.16510105333333333, 0.17460317428571429, 1]

Expect=1  Output=1
[0.056022408571428574, 0.9045226133333334, 0.4683840752380952, 0.22126022095238093, 1.0829493088954956, 0.4272230504761904, 0.1301289085714286, 0.6031746028571427, 1]

Expect=0  Output=0
[0.056022408571428574, 0.42593922, 0.5152224828571429, 0.22126022095238093, 0.1203277008680607, 0.39883613619047614, 0.036192102857142854, 0.0, 0]

Expect=1  Output=1
[0.33613445333333336, 0.7083034219047618, 0.5620608895238095, 0.3367003371428571, 0.0, 0.4769001485714286, 0.2232524095238095, 0.46031745999999996, 1]

Expect=0  Output=1
[0.056022408571428574, 0.4929408952380952, 0.2341920371428571, 0.3655603657142857, 0.10624679976025303, 0.61457668, 0.04269854857142857, 0.19047619047619047, 0]

Expect=0  Output=1
[0.2801120447619047, 0.521655898095238, 0.5854800933333332, 0.25012025047619046, 0.0, 0.5109644457142857, 0.19031352952380953, 0.6190476190476191, 0]

Expect=0  Output=0
[0.056022408571428574, 0.4546542238095238, 0.5152224828571429, 0.12506012476190476, 0.04864311350858067, 0.27819175333333335, 0.10410312761904762, 0.06349206380952381, 0]

Expect=0  Output=1
[0.11204481809523809, 0.521655898095238, 0.7181889152380951, 0.0, 0.0, 0.6060606057142857, 0.31190272857142853, 0.5238095238095238, 0]

Expect=0  Output=1
[0.22408963619047617, 0.4929408952380952, 0.4683840752380952, 0.31746031714285716, 0.24577573010083736, 0.3406429638095238, 0.36110772190476187, 0.19047619047619047, 0]

Expect=0  Output=1
[0.2801120447619047, 0.21057669333333331, 0.48399687714285716, 0.0, 0.0, 0.35483642000000004, 0.2069862961904762, 0.23809523809523808, 0]

Expect=1  Output=1
[0.39215686285714285, 0.7035175876190476, 0.5932864952380952, 0.0, 0.0, 0.559222198095238, 0.07279085809523808, 0.3492063495238096, 1]

Expect=0  Output=1
[0.2801120447619047, 0.47379755904761905, 0.5776736923809523, 0.25974026, 0.0, 0.41161024761904763, 0.05083160476190476, 0.17460317428571429, 0]

Expect=1  Output=1
[0.6162464990476191, 0.6843742523809524, 0.7338017171428571, 0.31746031714285716, 0.18689196094577404, 0.519480519047619, 0.07157089999999999, 0.47619047619047616, 1]

Expect=1  Output=1
[0.056022408571428574, 0.5503709019047619, 0.5464480876190476, 0.28860028857142855, 0.12288786450894404, 0.49109360571428573, 0.18340043142857143, 0.17460317428571429, 1]

Expect=0  Output=0
[0.11204481809523809, 0.40201005047619043, 0.0, 0.0, 0.0, 0.0, 0.09190354190476191, 0.0, 0]

Expect=1  Output=1
[0.5042016809523809, 0.569514238095238, 0.6245120999999999, 0.3367003371428571, 0.0, 0.41161024761904763, 0.07523077523809524, 0.12698412666666667, 1]

Expect=0  Output=1
[0.2801120447619047, 0.42115338571428573, 0.5152224828571429, 0.2020202019047619, 0.029441884036057013, 0.34632034666666667, 0.1073563495238095, 0.14285714285714285, 0]

Expect=0  Output=0
[0.11204481809523809, 0.3541517104761905, 0.0, 0.0, 0.0, 0.0, 0.00975966857142857, 0.01587301619047619, 0]

Expect=1  Output=1
[0.39215686285714285, 0.5120842304761904, 0.5776736923809523, 0.0, 0.0, 0.42012632190476185, 0.07157089999999999, 0.15873015904761903, 1]

Expect=1  Output=1
[0.5042016809523809, 0.8183776019047619, 0.8587041371428571, 0.23088023047619044, 0.30721966181383475, 0.644382939047619, 0.2614777761904762, 0.5238095238095238, 1]

Expect=1  Output=1
[0.0, 0.6556592485714284, 0.3122560495238095, 0.3367003371428571, 0.21505376316138938, 0.6117379885714286, 0.8987027771428571, 0.19047619047619047, 1]

Expect=1  Output=1
[0.0, 0.5647284038095237, 0.6557377047619047, 0.45214045238095235, 0.2944188425264687, 0.6500603219047619, 0.19234679333333335, 0.15873015904761903, 1]

Expect=1  Output=1
[0.22408963619047617, 0.5312275666666666, 0.5620608895238095, 0.45214045238095235, 0.26497695849041175, 0.5265772476190476, 0.5335285266666666, 0.5555555552380952, 1]

Expect=0  Output=0
[0.056022408571428574, 0.0, 0.37470726, 0.19240019238095235, 0.0, 0.3505783838095238, 0.025212476190476188, 0.01587301619047619, 0]

Expect=1  Output=1
[0.44817927142857145, 0.8423067723809522, 0.7025761123809523, 0.32708032666666664, 0.38402457753803076, 0.4783194942857142, 0.15818795523809523, 0.5873015876190476, 1]

Expect=0  Output=0
[0.056022408571428574, 0.4929408952380952, 0.6245120999999999, 0.10582010571428571, 0.10496671793981135, 0.2753530619047619, 0.16794762285714282, 0.01587301619047619, 0]

Expect=1  Output=1
[0.44817927142857145, 0.8758076095238094, 0.49960968, 0.0, 0.0, 0.33070754380952383, 0.2415517876190476, 0.17460317428571429, 1]

Expect=0  Output=1
[0.2801120447619047, 0.5599425695238095, 0.7181889152380951, 0.0, 0.0, 0.48399687714285716, 0.10532308571428571, 0.26984126952380955, 0]

Expect=0  Output=1
[0.39215686285714285, 0.3972242161904762, 0.6088992971428572, 0.25012025047619046, 0.09088581683200368, 0.4158682847619047, 0.28018380666666665, 0.23809523809523808, 0]

Expect=0  Output=0
[0.056022408571428574, 0.6987317542857143, 0.4371584695238095, 0.0, 0.0, 0.42154566761904766, 0.19763327999999997, 0.12698412666666667, 0]

Expect=0  Output=1
[0.5602240895238094, 0.58387174, 0.6088992971428572, 0.2982202980952381, 0.0, 0.3917394085714285, 0.17648733238095238, 0.38095238095238093, 0]

Expect=0  Output=1
[0.39215686285714285, 0.7609475952380953, 0.49960968, 0.0, 0.0, 0.3889007171428571, 0.08783701333333334, 0.3015873019047619, 0]

Expect=1  Output=1
[0.44817927142857145, 0.5982292419047619, 0.74941452, 0.0, 0.0, 0.0, 0.06262453714285715, 0.5238095238095238, 1]

Expect=0  Output=0
[0.16806722666666668, 0.42115338571428573, 0.4527712723809524, 0.10582010571428571, 0.06912442371859669, 0.3519977285714285, 0.07685738666666667, 0.01587301619047619, 0]

Expect=1  Output=1
[0.5042016809523809, 0.488155060952381, 0.5932864952380952, 0.3559403561904762, 0.0, 0.4669647295238095, 0.23870521714285714, 0.3968253971428572, 1]

Expect=0  Output=0
[0.0, 0.5025125628571429, 0.49960968, 0.39442039428571424, 0.1817716336640074, 0.5890284580952382, 0.038632019999999996, 0.01587301619047619, 0]

Expect=0  Output=1
[0.44817927142857145, 0.47379755904761905, 0.6557377047619047, 0.0, 0.0, 0.5024483714285713, 0.12606238095238095, 0.46031745999999996, 0]

Expect=0  Output=0
[0.11204481809523809, 0.6748025847619048, 0.4527712723809524, 0.32708032666666664, 0.1638504860119254, 0.3605138028571428, 0.25253141428571424, 0.047619047619047616, 0]

Expect=1  Output=1
[0.5602240895238094, 0.5982292419047619, 0.5464480876190476, 0.25012025047619046, 0.14720942126323436, 0.44141650666666665, 0.05164491047619047, 0.31746031714285716, 1]

Expect=0  Output=0
[0.056022408571428574, 0.46422589142857146, 0.5152224828571429, 0.14430014476190475, 0.17921147002312401, 0.32928819809523807, 0.1663210114285714, 0.01587301619047619, 0]

Expect=1  Output=0
[0.16806722666666668, 0.37329504666666663, 0.3903200628571428, 0.30784030761904757, 0.11264720994541069, 0.43999716095238095, 0.06913098285714285, 0.07936507904761904, 1]

Accuracy : 60.526315789473685