Expect=1  Output=1
[0.2801120447619047, 0.5360134000000001, 0.5152224828571429, 0.0, 0.0, 0.5365126676190476, 0.07226705758913703, 0.31746031714285716, 1]

Expect=0  Output=0
[0.22408963619047617, 0.45944005714285713, 0.4371584695238095, 0.1635401638095238, 0.05516154476190476, 0.2952239019047619, 0.10446726943128473, 0.07936507904761904, 0]

Expect=0  Output=1
[0.2801120447619047, 0.45944005714285713, 0.5776736923809523, 0.17316017333333333, 0.07542496857142857, 0.4769001485714286, 0.37225890555526897, 0.3492063495238096, 0]

Expect=1  Output=1
[0.5602240895238094, 0.48336922666666665, 0.6713505076190476, 0.3559403561904762, 0.0, 0.6472216304761904, 0.4289149746256368, 0.26984126952380955, 1]

Expect=0  Output=0
[0.0, 0.6556592485714284, 0.5308352847619047, 0.13468013428571426, 0.16661037904761905, 0.3519977285714285, 0.024170538405457187, 0.0, 0]

Expect=0  Output=1
[0.5042016809523809, 0.5934434076190476, 0.5464480876190476, 0.31746031714285716, 0.4525498142857143, 0.5024483714285713, 0.08082660747582505, 0.20634920666666665, 0]

Expect=1  Output=1
[0.6722689076190476, 0.4402967219047618, 0.48399687714285716, 0.06734006761904761, 0.2904424180952381, 0.3917394085714285, 0.3433194748041631, 0.36507936476190467, 1]

Expect=0  Output=1
[0.11204481809523809, 0.5743000714285713, 0.5932864952380952, 0.3559403561904762, 0.11820330952380952, 0.5634802352380952, 0.053517567270240096, 0.12698412666666667, 0]

Expect=1  Output=0
[0.056022408571428574, 0.5407992342857143, 0.49960968, 0.3367003371428571, 0.0, 0.4769001485714286, 0.18720958627539366, 0.0, 1]

Expect=1  Output=0
[0.22408963619047617, 0.6795884180952382, 0.6713505076190476, 0.0, 0.0, 0.6245120999999999, 0.22878454423158348, 0.01587301619047619, 1]

Expect=0  Output=1
[0.5042016809523809, 0.5072983971428572, 0.4059328647619047, 0.0, 0.0, 0.44283585238095236, 0.12077117488649391, 0.3333333333333333, 0]

Expect=0  Output=0
[0.16806722666666668, 0.5407992342857143, 0.3903200628571428, 0.09620009619047618, 0.09568839333333334, 0.4187069761904762, 0.2210401886630623, 0.06349206380952381, 0]

Expect=1  Output=1
[0.5042016809523809, 0.5360134000000001, 0.6401249028571427, 0.30784030761904757, 0.19700551619047615, 0.48541622285714286, 0.0718594604300536, 0.23809523809523808, 1]

Expect=1  Output=1
[0.33613445333333336, 0.569514238095238, 0.3903200628571428, 0.21164021142857142, 0.1981312619047619, 0.38464267999999996, 0.5030977415830576, 0.19047619047619047, 1]

Expect=0  Output=1
[0.0, 0.6030150752380952, 0.6557377047619047, 0.2789802790476191, 0.24203534857142855, 0.4357391238095238, 0.17783484111594522, 0.047619047619047616, 0]

Expect=1  Output=0
[0.0, 0.6604450828571429, 0.0, 0.0, 0.0, 0.5152224828571429, 0.3461726587361215, 0.06349206380952381, 1]

Expect=1  Output=1
[0.22408963619047617, 0.8183776019047619, 0.5620608895238095, 0.0, 0.0, 0.6188347171428571, 0.1611233385016526, 0.07936507904761904, 1]

Expect=0  Output=1
[0.2801120447619047, 0.5168700647619047, 0.5620608895238095, 0.4136604133333333, 0.08443093523809522, 0.5123837914285714, 0.0730822528618975, 0.19047619047619047, 0]

Expect=1  Output=1
[0.6162464990476191, 0.741804259047619, 0.5932864952380952, 0.26936026952380954, 0.16886187142857143, 0.47264211238095233, 0.517363658379069, 0.47619047619047616, 1]

Expect=0  Output=0
[0.0, 0.37329504666666663, 0.6869633095238096, 0.2789802790476191, 0.045029832380952386, 0.5237385561904762, 0.1427814462964327, 0.0, 0]

Expect=1  Output=1
[0.2801120447619047, 0.40679588380952375, 0.5776736923809523, 0.21164021142857142, 0.0, 0.41161024761904763, 0.4647835656725034, 0.17460317428571429, 1]

Expect=0  Output=0
[0.0, 0.4115817180952381, 0.5308352847619047, 0.30784030761904757, 0.0, 0.5081257542857143, 0.06289231242968857, 0.06349206380952381, 0]

Expect=1  Output=1
[0.2801120447619047, 0.521655898095238, 0.48399687714285716, 0.39442039428571424, 0.1452212095238095, 0.5081257542857143, 0.17538925529766383, 0.06349206380952381, 1]

Expect=1  Output=0
[0.16806722666666668, 0.6652309161904763, 0.42154566761904766, 0.0, 0.0, 0.36335249428571426, 0.12973832193226537, 0.01587301619047619, 1]

Expect=0  Output=1
[0.5602240895238094, 0.8566642733333333, 0.5464480876190476, 0.0, 0.0, 0.49819033428571424, 0.04740360320183347, 0.25396825428571423, 0]

Expect=0  Output=1
[0.7282913161904762, 0.5072983971428572, 0.5464480876190476, 0.0, 0.0, 0.48541622285714286, 0.06819108122533474, 0.4920634923809524, 0]

Expect=0  Output=1
[0.0, 0.789662599047619, 0.7025761123809523, 0.31746031714285716, 0.7655071485714284, 0.7423177914285713, 0.1399282623644743, 0.03174603142857143, 0]

Expect=0  Output=0
[0.056022408571428574, 0.5312275666666666, 0.6713505076190476, 0.18278018285714284, 0.0, 0.4272230504761904, 0.024170538405457187, 0.03174603142857143, 0]

Expect=0  Output=1
[0.39215686285714285, 0.6365159133333333, 0.6869633095238096, 0.14430014476190475, 0.1744906, 0.45986800095238095, 0.07267465570281408, 0.25396825428571423, 0]

Expect=0  Output=0
[0.0, 0.5072983971428572, 0.5464480876190476, 0.3559403561904762, 0.16661037904761905, 0.559222198095238, 0.21248063877637427, 0.01587301619047619, 0]

Expect=0  Output=1
[0.056022408571428574, 0.9236659485714285, 0.3903200628571428, 0.15392015428571426, 0.42215467714285715, 0.36761053142857136, 0.23286051964079216, 0.047619047619047616, 0]

Expect=0  Output=1
[0.16806722666666668, 0.7178750895238096, 0.5932864952380952, 0.0, 0.0, 0.29806259333333335, 0.05025678617919826, 0.25396825428571423, 0]

Expect=0  Output=0
[0.11204481809523809, 0.5455850685714286, 0.5308352847619047, 0.21164021142857142, 0.0, 0.40735221047619047, 0.003383060381955906, 0.06349206380952381, 0]

Expect=1  Output=1
[0.33613445333333336, 0.6413017466666667, 0.6245120999999999, 0.3559403561904762, 0.41652594857142855, 0.6557377047619047, 0.06289231242968857, 0.3968253971428572, 1]

Expect=1  Output=1
[0.0, 0.8470926057142857, 0.4683840752380952, 0.2789802790476191, 0.5381064952380953, 0.49109360571428573, 0.4028287278064894, 0.0, 1]

Expect=1  Output=1
[0.0, 0.8566642733333333, 0.7025761123809523, 0.25974026, 0.0, 0.6259314457142856, 0.24549604589128252, 0.03174603142857143, 1]

Expect=0  Output=1
[0.0, 0.7705192628571428, 0.3903200628571428, 0.0, 0.0, 0.3108367038095238, 0.06941387461177223, 0.698412698095238, 0]

Expect=0  Output=0
[0.11204481809523809, 0.43072505428571434, 0.6245120999999999, 0.13468013428571426, 0.06191601904761904, 0.34632034666666667, 0.0673758869071679, 0.047619047619047616, 0]

Expect=0  Output=1
[0.5602240895238094, 0.58387174, 0.5308352847619047, 0.0, 0.0, 0.44283585238095236, 0.07104426515729316, 0.31746031714285716, 0]

Expect=1  Output=1
[0.11204481809523809, 0.756161760952381, 0.7025761123809523, 0.0, 0.0, 0.4485132352380952, 0.2940001631886394, 0.7142857142857143, 1]

Expect=1  Output=1
[0.5042016809523809, 0.8805934438095236, 0.6635441057142856, 0.14430014476190475, 0.0, 0.4258037047619047, 0.4602999921496177, 0.44444444476190476, 1]

Expect=0  Output=1
[0.5602240895238094, 0.6173725771428571, 0.5932864952380952, 0.26936026952380954, 0.13734098857142857, 0.5095451, 0.08001141220306457, 0.2857142857142857, 0]

Expect=1  Output=1
[0.22408963619047617, 0.5886575733333334, 0.48399687714285716, 0.0, 0.0, 0.4541906180952381, 0.05800114079312581, 0.2222222219047619, 1]

Expect=0  Output=1
[0.2801120447619047, 0.3685092123809523, 0.6401249028571427, 0.39442039428571424, 0.0472813238095238, 0.5081257542857143, 0.029469308155696986, 0.2222222219047619, 0]

Expect=0  Output=1
[0.11204481809523809, 0.6125867428571428, 0.49960968, 0.4040404038095238, 0.0, 0.5677382723809523, 0.41464905878421926, 0.047619047619047616, 0]

Expect=0  Output=0
[0.11204481809523809, 0.5168700647619047, 0.48399687714285716, 0.09620009619047618, 0.31295733428571426, 0.3590944571428571, 0.32497758164434964, 0.01587301619047619, 0]

Expect=0  Output=1
[0.33613445333333336, 0.7226609238095238, 0.48399687714285716, 0.2982202980952381, 0.13508949714285712, 0.503867717142857, 0.24794163170956388, 0.11111111142857141, 0]

Expect=0  Output=1
[0.16806722666666668, 0.9140942809523809, 0.5308352847619047, 0.14430014476190475, 0.14634695523809524, 0.4385778152380952, 0.08775576777158575, 0.20634920666666665, 0]

Expect=0  Output=0
[0.11204481809523809, 0.5360134000000001, 0.5854800933333332, 0.30784030761904757, 0.0, 0.5067064085714286, 0.026208527064655145, 0.0, 0]

Expect=0  Output=1
[0.16806722666666668, 0.6795884180952382, 0.6245120999999999, 0.14430014476190475, 0.0, 0.45986800095238095, 0.04740360320183347, 0.6666666666666666, 0]

Expect=0  Output=0
[0.0, 0.4977267285714286, 0.49960968, 0.22126022095238093, 0.13058651333333335, 0.39457809904761904, 0.15093339806944367, 0.03174603142857143, 0]

Expect=1  Output=1
[0.5042016809523809, 0.7848767647619047, 0.6557377047619047, 0.2020202019047619, 0.0, 0.4371584695238095, 0.30459770077993176, 0.17460317428571429, 1]

Expect=0  Output=1
[0.2801120447619047, 0.741804259047619, 0.6557377047619047, 0.42328042285714285, 0.6135314647619047, 0.549286779047619, 0.21818700568569754, 0.20634920666666665, 0]

Expect=1  Output=0
[0.11204481809523809, 0.6987317542857143, 0.0, 0.0, 0.0, 0.3903200628571428, 0.06370750770244903, 0.11111111142857141, 1]

Expect=0  Output=0
[0.056022408571428574, 0.7513759276190476, 0.5620608895238095, 0.2020202019047619, 0.1891252952380952, 0.36335249428571426, 0.016018586632446215, 0.047619047619047616, 0]

Expect=0  Output=1
[0.22408963619047617, 0.6173725771428571, 0.4683840752380952, 0.11544011523809522, 0.26004728095238094, 0.3903200628571428, 0.18068802504790363, 0.15873015904761903, 0]

Expect=0  Output=0
[0.056022408571428574, 0.3397942095238095, 0.6088992971428572, 0.48100048095238096, 0.05065856095238095, 0.4712227666666667, 0.13789027465986994, 0.0, 0]

Expect=0  Output=1
[0.44817927142857145, 0.5360134000000001, 0.5620608895238095, 0.0, 0.0, 0.33496558095238094, 0.3082660799846506, 0.5873015876190476, 0]

Expect=0  Output=0
[0.16806722666666668, 0.47379755904761905, 0.6245120999999999, 0.10582010571428571, 0.07204773142857143, 0.2739337161904762, 0.08164180274858551, 0.14285714285714285, 0]

Expect=0  Output=1
[0.2801120447619047, 0.5455850685714286, 0.5776736923809523, 0.0, 0.0, 0.35341707428571423, 0.2691367078467422, 0.5714285714285714, 0]

Expect=0  Output=1
[0.16806722666666668, 0.5503709019047619, 0.5152224828571429, 0.3751803752380952, 0.15760441333333333, 0.5407707047619047, 0.027023722337415602, 0.11111111142857141, 0]

Expect=0  Output=0
[0.11204481809523809, 0.5168700647619047, 0.48399687714285716, 0.30784030761904757, 0.06304176476190476, 0.35767511142857145, 0.01805657433705055, 0.0, 0]

Expect=0  Output=1
[0.16806722666666668, 0.5312275666666666, 0.4371584695238095, 0.3751803752380952, 0.0, 0.4272230504761904, 0.1929159531847169, 0.14285714285714285, 0]

Expect=1  Output=0
[0.16806722666666668, 0.6748025847619048, 0.0, 0.0, 0.0, 0.4258037047619047, 0.27606586814250295, 0.09523809523809523, 1]

Expect=1  Output=1
[0.39215686285714285, 0.8662359419047619, 0.6557377047619047, 0.2020202019047619, 0.21614319523809522, 0.5095451, 0.20473628416244674, 0.47619047619047616, 1]

Expect=1  Output=0
[0.0, 0.6700167504761905, 0.507416080952381, 0.25012025047619046, 0.14634695523809524, 0.60464126, 0.14155865290999523, 0.047619047619047616, 1]

Expect=0  Output=0
[0.22408963619047617, 0.4546542238095238, 0.5464480876190476, 0.30784030761904757, 0.0, 0.4556099638095238, 0.2153338227083327, 0.047619047619047616, 0]

Expect=0  Output=0
[0.11204481809523809, 0.5360134000000001, 0.5308352847619047, 0.21164021142857142, 0.10582010571428571, 0.48399687714285716, 0.09427732899907582, 0.07936507904761904, 0]

Expect=0  Output=0
[0.11204481809523809, 0.6173725771428571, 0.6557377047619047, 0.0, 0.0, 0.3974167904761905, 0.08164180274858551, 0.09523809523809523, 0]

Expect=0  Output=1
[0.16806722666666668, 0.58387174, 0.6088992971428572, 0.0, 0.0, 0.32644950666666667, 0.06941387461177223, 0.3015873019047619, 0]

Expect=0  Output=1
[0.11204481809523809, 0.47858339333333333, 0.5464480876190476, 0.5002405, 0.06416751142857142, 0.5748350009523809, 0.24182766764115723, 0.06349206380952381, 0]

Expect=0  Output=0
[0.0, 0.488155060952381, 0.4059328647619047, 0.0, 0.0, 0.3562557657142857, -0.0023233065273673094, 0.0, 0]

Expect=0  Output=1
[0.33613445333333336, 0.3828667142857143, 0.5152224828571429, 0.28860028857142855, 0.0, 0.3718685685714286, 0.09346213372631536, 0.31746031714285716, 0]

Expect=1  Output=0
[0.16806722666666668, 0.7753050971428571, 0.4059328647619047, 0.3655603657142857, 0.0, 0.5279965933333333, 0.23163772720894826, 0.047619047619047616, 1]

Expect=0  Output=1
[0.39215686285714285, 0.6508734142857142, 0.5776736923809523, 0.25012025047619046, 0.1519756838095238, 0.3690298771428571, 0.22959973950434395, 0.47619047619047616, 0]

Expect=1  Output=1
[0.6722689076190476, 0.7226609238095238, 0.5464480876190476, 0.3848003847619047, 0.30507711333333326, 0.5932864952380952, 0.26832151257398174, 0.26984126952380955, 1]

Accuracy : 50.0