Expect=1  Output=1
[0.22408963619047617, 0.6987317542857143, 0.7685881369555466, 0.0, 0.0, 0.44283585238095236, 0.18746695904761904, 0.6349206352380952, 1]

Expect=0  Output=0
[0.056022408571428574, 0.5647284038095237, 0.48454469474915357, 0.34632034666666667, 0.10582010571428571, 0.47264211238095233, 0.07441746952380952, 0.03174603142857143, 0]

Expect=0  Output=0
[0.11204481809523809, 0.43072505428571434, 0.5847953215301412, 0.1635401638095238, 0.0, 0.3874813714285714, 0.0028465695238095237, 0.01587301619047619, 0]

Expect=1  Output=1
[0.0, 0.7753050971428571, 0.6349206349206349, 0.5387205390476191, 0.11257458095238096, 0.7550919028571428, 0.27693058476190474, 0.06349206380952381, 1]

Expect=0  Output=1
[0.5042016809523809, 0.2727925342857143, 0.6683375101745591, 0.3559403561904762, 0.0, 0.46554538380952376, 0.0073197514285714286, 0.31746031714285716, 0]

Expect=1  Output=1
[0.39215686285714285, 0.7657334295238095, 0.45112781949522934, 0.30784030761904757, 0.19700551619047615, 0.4329004333333333, 0.20739294857142856, 0.2857142857142857, 1]

Expect=1  Output=1
[0.22408963619047617, 0.8279492704761905, 0.5847953215301412, 0.13468013428571426, 0.1891252952380952, 0.42154566761904766, 0.11508275428571427, 0.19047619047619047, 1]

Expect=0  Output=1
[0.16806722666666668, 0.5743000714285713, 0.5847953215301412, 0.28860028857142855, 0.1519756838095238, 0.6088992971428572, 0.1520881619047619, 0.14285714285714285, 0]

Expect=0  Output=1
[0.22408963619047617, 0.5455850685714286, 0.5430242266983247, 0.0, 0.0, 0.3108367038095238, 0.1439551057142857, 0.25396825428571423, 0]

Expect=0  Output=0
[0.11204481809523809, 0.5168700647619047, 0.43441938135865976, 0.25012025047619046, 0.07092198571428572, 0.46128734666666665, 0.0975966819047619, 0.01587301619047619, 0]

Expect=0  Output=1
[0.2801120447619047, 0.7035175876190476, 0.6516290720379897, 0.0, 0.0, 0.4783194942857142, 0.056931398095238096, 0.698412698095238, 0]

Expect=0  Output=0
[0.056022408571428574, 0.42593922, 0.6349206349206349, 0.32708032666666664, 0.04165259523809524, 0.44283585238095236, 0.04635842380952381, 0.03174603142857143, 0]

Expect=0  Output=0
[0.22408963619047617, 0.47379755904761905, 0.6349206349206349, 0.14430014476190475, 0.057413036190476184, 0.32928819809523807, 0.058964661904761906, 0.0, 0]

Expect=0  Output=1
[0.056022408571428574, 0.7322325914285713, 0.6850459483111286, 0.4040404038095238, 0.5459867161904762, 0.5762543466666666, 0.24765157999999998, 0.03174603142857143, 0]

Expect=0  Output=0
[0.16806722666666668, 0.3972242161904762, 0.48454469474915357, 0.2982202980952381, 0.020263424761904764, 0.4868355685714286, 0.10491643238095237, 0.06349206380952381, 0]

Expect=1  Output=1
[0.22408963619047617, 0.6413017466666667, 0.601503758647496, 0.0, 0.0, 0.3378042723809524, 0.08092391523809524, 0.6190476190476191, 1]

Expect=0  Output=1
[0.33613445333333336, 0.6891600857142857, 0.601503758647496, 0.25974026, 0.25667004380952385, 0.48115818571428565, 0.07197755238095238, 0.3015873019047619, 0]

Expect=1  Output=1
[0.0, 0.5025125628571429, 0.7017543854284835, 0.0, 0.0, 0.3959974447619048, 0.2696108333333333, 0.6507936504761904, 1]

Expect=1  Output=1
[0.44817927142857145, 0.741804259047619, 0.5179615700030779, 0.25012025047619046, 0.5572441742857143, 0.4825775314285714, 0.18909357047619046, 0.3968253971428572, 1]

Expect=0  Output=0
[0.0, 0.488155060952381, 0.6265664153427427, 0.22126022095238093, 0.0, 0.0, 0.20088650285714285, 0.0, 0]

Expect=0  Output=0
[0.22408963619047617, 0.7370184257142857, 0.5179615700030779, 0.2982202980952381, 0.31971180952380956, 0.46554538380952376, 0.0646578019047619, 0.03174603142857143, 0]

Expect=0  Output=1
[0.11204481809523809, 0.5264417323809523, 0.6182121967840654, 0.2789802790476191, 0.1407182257142857, 0.45986800095238095, 0.2521247609523809, 0.09523809523809523, 0]

Expect=0  Output=0
[0.056022408571428574, 0.38765254857142856, 0.601503758647496, 0.17316017333333333, 0.045029832380952386, 0.3775459514285714, 0.08336383238095238, 0.047619047619047616, 0]

Expect=1  Output=0
[0.0, 0.5407992342857143, 0.6349206349206349, 0.0, 0.0, 0.47264211238095233, 0.08133056761904761, 0.03174603142857143, 1]

Expect=0  Output=0
[0.11204481809523809, 0.6795884180952382, 0.6850459483111286, 0.17316017333333333, 0.07204773142857143, 0.3505783838095238, 0.27774389047619047, 0.0, 0]

Expect=0  Output=1
[0.16806722666666668, 0.6125867428571428, 0.6516290720379897, 0.0, 0.0, 0.29948193904761905, 0.07726403999999999, 0.53968254, 0]

Expect=0  Output=1
[0.39215686285714285, 0.38765254857142856, 0.6516290720379897, 0.3848003847619047, 0.05403579904761905, 0.6628344333333333, 0.07441746952380952, 0.3333333333333333, 0]

Expect=0  Output=1
[0.7282913161904762, 0.5072983971428572, 0.601503758647496, 0.519480519047619, 0.0, 0.519480519047619, 0.040665283809523806, 0.38095238095238093, 0]

Expect=1  Output=1
[0.8403361342857142, 0.6508734142857142, 0.5847953215301412, 0.30784030761904757, 0.12383203904761904, 0.5265772476190476, 0.030498962857142858, 0.3492063495238096, 1]

Expect=1  Output=1
[0.44817927142857145, 0.6365159133333333, 0.601503758647496, 0.0, 0.0, 0.4669647295238095, 0.0780773457142857, 0.2857142857142857, 1]

Expect=1  Output=1
[0.056022408571428574, 0.58387174, 0.7518796988189772, 0.49062049047619044, 0.24766407714285715, 0.7054148038095238, 0.10044325142857143, 0.15873015904761903, 1]

Expect=0  Output=1
[0.44817927142857145, 0.40201005047619043, 0.6182121967840654, 0.2982202980952381, 0.0, 0.5436093961904762, 0.15412142666666667, 0.2857142857142857, 0]

Expect=1  Output=1
[0.11204481809523809, 0.47858339333333333, 0.5513784462762169, 0.19240019238095235, 0.10131712285714285, 0.4669647295238095, 0.32084909142857143, 0.11111111142857141, 1]

Expect=1  Output=1
[0.056022408571428574, 0.7800909304761905, 0.601503758647496, 0.0, 0.0, 0.5535448161904762, 0.46521084952380953, 0.19047619047619047, 1]

Expect=0  Output=0
[0.11204481809523809, 0.4402967219047618, 0.5179615700030779, 0.26936026952380954, 0.0, 0.4485132352380952, 0.021145947619047617, 0.047619047619047616, 0]

Expect=0  Output=1
[0.22408963619047617, 0.5886575733333334, 0.6683375101745591, 0.14430014476190475, 0.1981312619047619, 0.4541906180952381, 0.14842828666666666, 0.20634920666666665, 0]

Expect=0  Output=0
[0.056022408571428574, 0.6030150752380952, 0.46783625661258404, 0.2789802790476191, 0.17111336285714285, 0.40735221047619047, 0.2940100038095238, 0.0, 0]

Expect=1  Output=0
[0.16806722666666668, 0.8183776019047619, 0.601503758647496, 0.31746031714285716, 0.1519756838095238, 0.47264211238095233, 0.04920499333333333, 0.047619047619047616, 1]

Expect=1  Output=1
[0.5042016809523809, 0.58387174, 0.46783625661258404, 0.0, 0.0, 0.47264211238095233, 0.42129234285714284, 0.19047619047619047, 1]

Expect=0  Output=1
[0.0, 0.6173725771428571, 0.6683375101745591, 0.0, 0.0, 0.44283585238095236, 0.2541580257142857, 0.12698412666666667, 0]

Expect=1  Output=1
[0.2801120447619047, 0.5934434076190476, 0.6182121967840654, 0.0, 0.0, 0.4825775314285714, 0.05774470380952381, 0.26984126952380955, 1]

Expect=0  Output=0
[0.33613445333333336, 0.5312275666666666, 0.5346700081396474, 0.3751803752380952, 0.0, 0.48541622285714286, 0.07401081714285714, 0.047619047619047616, 0]

Expect=0  Output=1
[0.11204481809523809, 0.5072983971428572, 0.5346700081396474, 0.3367003371428571, 0.13396375142857145, 0.4329004333333333, 0.5375950552380951, 0.20634920666666665, 0]

Expect=1  Output=1
[0.39215686285714285, 0.5455850685714286, 0.5513784462762169, 0.0, 0.0, 0.46554538380952376, 0.07319751142857142, 0.3333333333333333, 1]

Expect=1  Output=0
[0.0, 0.6269442447619048, 0.0, 0.0, 0.0, 0.6131573342857143, 0.0780773457142857, 0.07936507904761904, 1]

Expect=0  Output=0
[0.056022408571428574, 0.5120842304761904, 0.5680868833935716, 0.18278018285714284, 0.0, 0.3761266057142857, 0.03537879714285714, 0.047619047619047616, 0]

Expect=0  Output=0
[0.2801120447619047, 0.37329504666666663, 0.4010025061047355, 0.0, 0.0, 0.4783194942857142, 0.2342320361904762, 0.06349206380952381, 0]

Expect=0  Output=0
[0.056022408571428574, 0.3397942095238095, 0.4010025061047355, 0.17316017333333333, 0.08555668095238095, 0.289546519047619, 0.09962994571428573, 0.01587301619047619, 0]

Expect=1  Output=1
[0.7282913161904762, 0.6030150752380952, 0.7518796988189772, 0.0, 0.0, 0.6159960257142857, 0.20535968476190475, 0.3333333333333333, 1]

Expect=0  Output=1
[0.2801120447619047, 0.5025125628571429, 0.601503758647496, 0.2789802790476191, 0.36586738761904763, 0.5237385561904762, 0.03293888, 0.11111111142857141, 0]

Expect=1  Output=1
[0.056022408571428574, 0.5599425695238095, 0.7351712606824078, 0.23088023047619044, 0.16323314190476187, 0.48967426, 0.13216217333333333, 0.3015873019047619, 1]

Expect=0  Output=0
[0.056022408571428574, 0.7226609238095238, 0.501253132885723, 0.0, 0.0, 0.3704492228571428, 0.041071937142857146, 0.01587301619047619, 0]

Expect=0  Output=0
[0.0, 0.5982292419047619, 0.802005012209471, 0.0, 0.0, 0.31935277809523804, 0.07482412285714286, 0.0, 0]

Expect=0  Output=0
[0.0, 0.48336922666666665, 0.5430242266983247, 0.26936026952380954, 0.0, 0.3491590380952381, 0.0646578019047619, 0.01587301619047619, 0]

Expect=0  Output=0
[0.056022408571428574, 0.3828667142857143, 0.4594820380539067, 0.0, 0.0, 0.2710950247619048, 0.07319751142857142, 0.0, 0]

Expect=1  Output=1
[0.16806722666666668, 0.8135917685714286, 0.5346700081396474, 0.3559403561904762, 0.25329280666666665, 0.48967426, 0.11304948952380953, 0.14285714285714285, 1]

Expect=0  Output=0
[0.056022408571428574, 0.45944005714285713, 1.019214702888801, 0.0, 0.0, 0.31793343238095234, 0.052458216190476185, 0.09523809523809523, 0]

Expect=0  Output=0
[0.22408963619047617, 0.36372337904761903, 0.5179615700030779, 0.0, 0.0, 0.4825775314285714, 0.12728233904761904, 0.06349206380952381, 0]

Expect=1  Output=1
[0.056022408571428574, 0.42115338571428573, 0.25062656593325416, 0.4040404038095238, 0.11144883523809522, 0.7806401247619047, 0.1699808876190476, 0.07936507904761904, 1]

Expect=0  Output=0
[0.22408963619047617, 0.46422589142857146, 0.501253132885723, 0.22126022095238093, 0.0, 0.4002554819047619, 0.14842828666666666, 0.01587301619047619, 0]

Expect=0  Output=0
[0.11204481809523809, 0.5120842304761904, 0.6182121967840654, 0.28860028857142855, 0.11257458095238096, 0.4769001485714286, 0.1325688257142857, 0.03174603142857143, 0]

Expect=0  Output=0
[0.33613445333333336, 0.4450825552380952, 0.417710944241305, 0.28860028857142855, 0.07204773142857143, 0.40735221047619047, 0.11304948952380953, 0.03174603142857143, 0]

Expect=0  Output=1
[0.2801120447619047, 0.5072983971428572, 0.6850459483111286, 0.28860028857142855, 0.0, 0.5606415438095238, 0.08458379047619047, 0.26984126952380955, 0]

Expect=0  Output=1
[0.11204481809523809, 0.5982292419047619, 0.501253132885723, 0.19240019238095235, 0.15760441333333333, 0.47973884000000006, 0.004066528571428572, 0.15873015904761903, 0]

Expect=1  Output=0
[0.0, 0.4546542238095238, 0.7101086039871607, 0.24050024095238096, 0.04052684857142857, 0.5308352847619047, 0.06872433047619048, 0.047619047619047616, 1]

Expect=0  Output=1
[0.2801120447619047, 0.631730079047619, 0.6683375101745591, 0.0, 0.0, 0.38038464285714285, 0.04391850666666667, 0.7619047619047619, 0]

Expect=1  Output=1
[0.0, 0.521655898095238, 0.7351712606824078, 0.28860028857142855, 0.0, 0.46128734666666665, 0.3159692571428571, 0.26984126952380955, 1]

Expect=0  Output=1
[0.056022408571428574, 0.6508734142857142, 0.6182121967840654, 0.48100048095238096, 0.22965214476190474, 0.5308352847619047, 0.1305355619047619, 0.047619047619047616, 0]

Expect=0  Output=0
[0.11204481809523809, 0.40679588380952375, 0.5430242266983247, 0.0, 0.0, 0.5620608895238095, 0.34646822, 0.09523809523809523, 0]

Expect=0  Output=0
[0.11204481809523809, 0.45944005714285713, 0.5680868833935716, 0.12506012476190476, 0.05516154476190476, 0.29948193904761905, 0.23138546666666665, 0.07936507904761904, 0]

Expect=0  Output=0
[0.11204481809523809, 0.47858339333333333, 0.5680868833935716, 0.24050024095238096, 0.07992795238095238, 0.5464480876190476, 0.10003659904761905, 0.07936507904761904, 0]

Expect=1  Output=1
[0.39215686285714285, 0.8949509447619047, 0.5680868833935716, 0.3751803752380952, 0.3422267247619048, 0.5350933219047619, 0.07157089999999999, 0.31746031714285716, 1]

Expect=1  Output=1
[0.2801120447619047, 0.6556592485714284, 0.9022556389904587, 0.0, 0.0, 0.6926406923809524, 0.06059127333333333, 0.25396825428571423, 1]

Expect=0  Output=1
[0.22408963619047617, 0.6891600857142857, 0.48454469474915357, 0.26936026952380954, 0.15760441333333333, 0.4187069761904762, 0.0849904438095238, 0.25396825428571423, 0]

Expect=0  Output=0
[0.0, 0.4450825552380952, 0.501253132885723, 0.24050024095238096, 0.10356861428571427, 0.40735221047619047, 0.1846203895238095, 0.01587301619047619, 0]

Expect=0  Output=0
[0.0, 0.47858339333333333, 0.5847953215301412, 0.25012025047619046, 0.05628729047619048, 0.4371584695238095, 0.2110528238095238, 0.0, 0]

Accuracy : 68.42105263157895