Expect=0  Output=0
[0.0, 0.4546542238095238, 0.6245120999999999, 0.4329004333333333, 0.10356861428571427, 0.5180611733333333, 0.10247651619047618, 0.09718172940639812, 0]

Expect=0  Output=0
[0.056022408571428574, 0.3828667142857143, 0.5776736923809523, 0.10582010571428571, 0.06754474857142856, 0.4258037047619047, 0.1825871257142857, 0.019436346347751928, 0]

Expect=0  Output=0
[0.056022408571428574, 0.6843742523809524, 0.5776736923809523, 0.21164021142857142, 0.06867049428571428, 0.3718685685714286, 0.07238420571428571, 0.0, 0]

Expect=0  Output=1
[0.5042016809523809, 0.6413017466666667, 0.5776736923809523, 0.31746031714285716, 0.06754474857142856, 0.36761053142857136, 0.15534138476190476, 1.1661807575415004, 0]

Expect=1  Output=1
[0.7282913161904762, 0.6173725771428571, 0.0, 0.28860028857142855, 0.0, 0.5663189266666666, 0.19966654476190474, 0.4470359566688482, 1]

Expect=0  Output=1
[0.11204481809523809, 0.5886575733333334, 0.37470726, 0.30784030761904757, 0.18574805809523812, 0.5975445323809523, 0.17974055523809523, 0.09718172940639812, 0]

Expect=1  Output=1
[0.2801120447619047, 0.5551567361904761, 0.5776736923809523, 0.2789802790476191, 0.0, 0.4584486552380952, 0.23667195333333335, 0.27210884303762317, 1]

Expect=0  Output=1
[0.33613445333333336, 0.488155060952381, 0.7025761123809523, 0.3751803752380952, 0.0, 0.5067064085714286, 0.2423650933333333, 0.13605442210190197, 0]

Expect=0  Output=1
[0.44817927142857145, 0.3541517104761905, 0.5464480876190476, 0.3848003847619047, 0.05516154476190476, 0.5010290257142858, 0.2549713314285714, 0.34985422726245013, 0]

Expect=0  Output=1
[0.11204481809523809, 0.6652309161904763, 0.5854800933333332, 0.0, 0.0, 0.36335249428571426, 0.036192102857142854, 0.15549076728347314, 0]

Expect=0  Output=0
[0.11204481809523809, 0.3972242161904762, 0.5152224828571429, 0.22126022095238093, 0.05628729047619048, 0.4570293095238095, 0.17038754, 0.019436346347751928, 0]

Expect=0  Output=0
[0.0, 0.4355108876190476, 0.5308352847619047, 0.30784030761904757, 0.23640661904761903, 0.5663189266666666, 0.12321581047619048, 0.07774538422482695, 0]

Expect=0  Output=1
[0.33613445333333336, 0.5120842304761904, 0.6869633095238096, 0.0, 0.0, 0.5223192104761905, 0.26391769333333337, 0.194363459978977, 0]

Expect=1  Output=1
[0.16806722666666668, 0.8279492704761905, 0.6401249028571427, 0.4617604619047619, 0.5234718, 0.5450287419047618, 0.837298198095238, 0.07774538422482695, 1]

Expect=0  Output=1
[0.056022408571428574, 0.6843742523809524, 0.6557377047619047, 0.22126022095238093, 0.3489812, 0.6018025685714286, 0.40583953523809524, 0.019436346347751928, 0]

Expect=0  Output=0
[0.0, 0.48336922666666665, 0.48399687714285716, 0.0, 0.0, 0.3108367038095238, 0.10491643238095237, 0.07774538422482695, 0]

Expect=0  Output=0
[0.0, 0.4498683895238095, 0.0, 0.0, 0.0, 0.0, 0.07238420571428571, 0.07774538422482695, 0]

Expect=0  Output=1
[0.6722689076190476, 0.6700167504761905, 0.6635441057142856, 0.31746031714285716, 0.0, 0.5308352847619047, 0.06750437142857144, 0.38872691879177323, 0]

Expect=0  Output=0
[0.2801120447619047, 0.4115817180952381, 0.5308352847619047, 0.26936026952380954, 0.07992795238095238, 0.4286423961904762, 0.11630271238095238, 0.058309037877075025, 0]

Expect=1  Output=0
[0.0, 0.6269442447619048, 0.5152224828571429, 0.3848003847619047, 0.0, 0.4868355685714286, 0.04798503523809523, 0.019436346347751928, 1]

Expect=1  Output=1
[0.22408963619047617, 0.756161760952381, 0.6088992971428572, 0.0, 0.0, 0.4669647295238095, 0.29482330952380953, 0.194363459978977, 1]

Expect=1  Output=1
[0.22408963619047617, 0.7465900933333333, 0.5854800933333332, 0.0, 0.0, 0.6855439638095238, 0.0650644542857143, 0.2137998051605482, 1]

Expect=1  Output=1
[0.2801120447619047, 0.6891600857142857, 0.6401249028571427, 0.25012025047619046, 0.32083755523809515, 0.4541906180952381, 0.1520881619047619, 0.7191448008726523, 1]

Expect=0  Output=0
[0.0, 0.5934434076190476, 0.4371584695238095, 0.12506012476190476, 0.11820330952380952, 0.309417359047619, 0.1520881619047619, 0.0, 0]

Expect=1  Output=1
[0.22408963619047617, 0.4546542238095238, 0.49960968, 0.0, 0.0, 0.4541906180952381, 0.03375218571428572, 0.194363459978977, 1]

Expect=0  Output=0
[0.056022408571428574, 0.3397942095238095, 0.48399687714285716, 0.0, 0.0, 0.309417359047619, 0.13744866, 0.09718172940639812, 0]

Expect=1  Output=1
[0.33613445333333336, 0.5934434076190476, 0.5620608895238095, 0.0, 0.0, 0.3917394085714285, 0.11792932380952381, 0.15549076728347314, 1]

Expect=0  Output=1
[0.056022408571428574, 0.6891600857142857, 0.6401249028571427, 0.3848003847619047, 0.0, 0.5861897666666667, 0.21511935238095237, 0.13605442210190197, 0]

Expect=1  Output=1
[0.5042016809523809, 0.789662599047619, 0.6869633095238096, 0.0, 0.0, 0.43148108761904763, 0.09109023619047618, 0.5442176872414272, 1]

Expect=1  Output=1
[0.39215686285714285, 0.85187844, 0.6557377047619047, 0.0, 0.0, 0.5663189266666666, 0.10288316857142855, 0.38872691879177323, 1]

Expect=0  Output=0
[0.056022408571428574, 0.3972242161904762, 0.5308352847619047, 0.0, 0.0, 0.2583209142857143, 0.22203245047619047, 0.11661807575415005, 0]

Expect=0  Output=0
[0.0, 0.5743000714285713, 0.5776736923809523, 0.17316017333333333, 0.07092198571428572, 0.4329004333333333, 0.0841771380952381, 0.09718172940639812, 0]

Expect=0  Output=0
[0.056022408571428574, 0.46422589142857146, 0.5308352847619047, 0.2020202019047619, 0.0, 0.3860620257142857, 0.413565939047619, 0.019436346347751928, 0]

Expect=0  Output=1
[0.056022408571428574, 0.47858339333333333, 0.5620608895238095, 0.11544011523809522, 0.07880220666666667, 0.3590944571428571, 0.23585864761904762, 0.13605442210190197, 0]

Expect=0  Output=0
[0.056022408571428574, 0.5360134000000001, 0.5620608895238095, 0.28860028857142855, 0.1981312619047619, 0.4882549142857142, 0.18299377809523806, 0.07774538422482695, 0]

Expect=1  Output=1
[0.2801120447619047, 0.5503709019047619, 0.5932864952380952, 0.0, 0.0, 0.44283585238095236, 0.10776300285714285, 0.4470359566688482, 1]

Expect=0  Output=1
[0.0, 0.6556592485714284, 0.6557377047619047, 0.25974026, 0.0, 0.3874813714285714, 0.06221788476190476, 0.7385811460542233, 0]

Expect=1  Output=1
[0.44817927142857145, 0.5025125628571429, 0.7806401247619047, 0.34632034666666667, 0.0, 0.61457668, 0.06547110761904762, 0.4664723030166002, 1]

Expect=0  Output=1
[0.2801120447619047, 0.7035175876190476, 0.5854800933333332, 0.0, 0.0, 0.42438435904761906, 0.14476841142857141, 0.13605442210190197, 0]

Expect=0  Output=0
[0.0, 0.488155060952381, 0.49960968, 0.44252044285714287, 0.08780817333333332, 0.5762543466666666, 0.1699808876190476, 0.0, 0]

Expect=0  Output=1
[0.2801120447619047, 0.42115338571428573, 0.6088992971428572, 0.28860028857142855, 0.0, 0.3917394085714285, 0.07319751142857142, 0.31098153573312703, 0]

Expect=1  Output=1
[0.2801120447619047, 0.0, 0.6245120999999999, 0.30784030761904757, 0.0, 0.5819317295238094, 0.10898296095238096, 0.31098153573312703, 1]

Expect=1  Output=1
[0.22408963619047617, 0.5503709019047619, 0.5620608895238095, 0.0, 0.0, 0.41019090190476193, 0.12118254666666665, 0.4859086493643522, 1]

Expect=1  Output=1
[0.5042016809523809, 0.7274467571428571, 0.6088992971428572, 0.32708032666666664, 0.1925025333333333, 0.48541622285714286, 0.3314220647619047, 0.2332361515083001, 1]

Expect=0  Output=1
[0.16806722666666668, 0.42593922, 0.5776736923809523, 0.15392015428571426, 0.09568839333333334, 0.43148108761904763, 0.19234679333333335, 0.33041788091469826, 0]

Expect=1  Output=1
[0.056022408571428574, 0.9380234504761904, 0.5932864952380952, 0.34632034666666667, 0.2803107057142857, 0.5180611733333333, 0.3241023142857143, 0.15549076728347314, 1]

Expect=0  Output=1
[0.0, 0.646087580952381, 0.7338017171428571, 0.44252044285714287, 0.16323314190476187, 0.5762543466666666, 0.08377048476190477, 0.09718172940639812, 0]

Expect=1  Output=1
[0.22408963619047617, 0.6987317542857143, 0.6088992971428572, 0.0, 0.0, 0.5464480876190476, 0.17974055523809523, 0.8940719145038774, 1]

Expect=1  Output=0
[0.16806722666666668, 0.9236659485714285, 0.5464480876190476, 0.2982202980952381, 0.0, 0.4953516428571428, 0.06628441333333333, 0.07774538422482695, 1]

Expect=1  Output=1
[0.056022408571428574, 0.6365159133333333, 0.7962529276190476, 0.26936026952380954, 0.15760441333333333, 0.46554538380952376, 0.06343784285714285, 0.4664723030166002, 1]

Expect=0  Output=1
[0.056022408571428574, 0.569514238095238, 0.6869633095238096, 0.39442039428571424, 0.1913767866666667, 0.6429635933333332, 0.17445406857142856, 0.09718172940639812, 0]

Expect=0  Output=0
[0.0, 0.569514238095238, 0.5152224828571429, 0.25974026, 0.0, 0.5507061247619047, 0.07360416380952381, 0.019436346347751928, 0]

Expect=0  Output=0
[0.0, 0.46422589142857146, 0.49960968, 0.34632034666666667, 0.11257458095238096, 0.5223192104761905, 0.21227278285714285, 0.07774538422482695, 0]

Expect=0  Output=0
[0.11204481809523809, 0.5503709019047619, 0.49960968, 0.21164021142857142, 0.0, 0.4371584695238095, 0.1394819238095238, 0.0, 0]

Expect=1  Output=1
[0.2801120447619047, 0.7944484323809524, 0.5932864952380952, 0.0, 0.0, 0.6486409761904761, 0.1065430438095238, 0.11661807575415005, 1]

Expect=0  Output=1
[0.11204481809523809, 0.569514238095238, 0.0, 0.0, 0.0, 0.27819175333333335, 0.3066162419047619, 0.9912536439102754, 0]

Expect=1  Output=1
[0.056022408571428574, 0.5982292419047619, 0.3903200628571428, 0.3848003847619047, 0.1879995495238095, 0.47264211238095233, 0.3594811114285714, 0.13605442210190197, 1]

Expect=1  Output=1
[0.2801120447619047, 0.9045226133333334, 0.49960968, 0.31746031714285716, 0.36586738761904763, 0.44283585238095236, 0.20535968476190475, 0.15549076728347314, 1]

Expect=1  Output=1
[0.2801120447619047, 0.6508734142857142, 0.6557377047619047, 0.39442039428571424, 0.09906563142857143, 0.49677098857142854, 0.08458379047619047, 0.27210884303762317, 1]

Expect=0  Output=0
[0.0, 0.6556592485714284, 0.5464480876190476, 0.3655603657142857, 0.0, 0.4712227666666667, 0.037412060952380956, 0.019436346347751928, 0]

Expect=0  Output=0
[0.11204481809523809, 0.47858339333333333, 0.42154566761904766, 0.26936026952380954, 0.11820330952380952, 0.5365126676190476, 0.17079419333333334, 0.058309037877075025, 0]

Expect=0  Output=0
[0.056022408571428574, 0.3924383828571429, 0.49960968, 0.12506012476190476, 0.10694585142857142, 0.3009012847619047, 0.13704200761904764, 0.03887269152932309, 0]

Expect=0  Output=0
[0.11204481809523809, 0.47379755904761905, 0.0, 0.0, 0.0, 0.315094740952381, 0.012199584761904761, 0.03887269152932309, 0]

Expect=0  Output=1
[0.33613445333333336, 0.7370184257142857, 0.6088992971428572, 0.39442039428571424, 0.15760441333333333, 0.6543183590476191, 0.20047985047619046, 0.11661807575415005, 0]

Expect=1  Output=1
[0.6722689076190476, 0.6700167504761905, 0.6401249028571427, 0.4136604133333333, 0.36586738761904763, 0.5563835076190476, 0.18299377809523806, 0.7191448008726523, 1]

Expect=0  Output=0
[0.056022408571428574, 0.46422589142857146, 0.5464480876190476, 0.14430014476190475, 0.0, 0.2583209142857143, 0.02805904571428571, 0.0, 0]

Expect=0  Output=0
[0.11204481809523809, 0.4498683895238095, 0.5308352847619047, 0.17316017333333333, 0.08555668095238095, 0.3690298771428571, 0.1964133219047619, 0.0, 0]

Expect=0  Output=1
[0.056022408571428574, 0.43072505428571434, 0.5308352847619047, 0.07696007714285713, 0.0, 0.34773969238095237, 0.43105201047619046, 0.2915451893853751, 0]

Expect=0  Output=1
[0.056022408571428574, 0.646087580952381, 0.42154566761904766, 0.0, 0.0, 0.3789652971428572, 0.24765157999999998, 0.7968901839312984, 0]

Expect=0  Output=1
[0.5602240895238094, 0.5503709019047619, 0.7650273228571429, 0.0, 0.0, 0.3406429638095238, 0.38388028095238097, 0.252672497856052, 0]

Expect=0  Output=0
[0.22408963619047617, 0.5599425695238095, 0.49960968, 0.25974026, 0.13508949714285712, 0.4712227666666667, 0.06181123142857142, 0.058309037877075025, 0]

Expect=0  Output=0
[0.22408963619047617, 0.5455850685714286, 0.49960968, 0.0, 0.0, 0.41019090190476193, 0.01951933619047619, 0.058309037877075025, 0]

Expect=0  Output=1
[0.5042016809523809, 0.5743000714285713, 0.5620608895238095, 0.21164021142857142, 0.06304176476190476, 0.2952239019047619, 0.26635761047619044, 0.5247813408936752, 0]

Expect=0  Output=0
[0.0, 0.3541517104761905, 0.4059328647619047, 0.09620009619047618, 0.04052684857142857, 0.39457809904761904, 0.07767069238095238, 0.019436346347751928, 0]

Expect=0  Output=1
[0.39215686285714285, 0.6508734142857142, 0.7025761123809523, 0.0, 0.0, 0.42438435904761906, 0.05367817523809524, 0.5636540324229983, 0]

Expect=1  Output=1
[0.2801120447619047, 0.8040201009523809, 0.49960968, 0.0, 0.0, 0.4669647295238095, 0.02317921238095238, 0.38872691879177323, 1]

Accuracy : 67.10526315789474