Expect=0  Output=0
[0.31235154394299297, 0.796812749003984, 0.04333050127442653, 0.12055335968379449, 0]

Expect=2  Output=2
[0.6686460807600951, 0.5179282868525897, 0.7909940526762957, 0.8715415019762845, 2]

Expect=1  Output=2
[0.6211401425178148, 0.47808764940239046, 0.5700934579439253, 0.5158102766798419, 1]

Expect=1  Output=1
[0.4786223277909738, 0.3585657370517928, 0.502124044180119, 0.47628458498023724, 1]

Expect=0  Output=0
[0.24109263657957236, 0.7171314741035857, 0.07731520815632967, 0.12055335968379449, 0]

Expect=1  Output=1
[0.3598574821852731, 0.23904382470119523, 0.4851316907391674, 0.39723320158102776, 1]

Expect=0  Output=0
[0.38361045130641336, 0.7569721115537847, 0.1112999150382328, 0.08102766798418973, 0]

Expect=2  Output=1
[0.45486935866983375, 0.11952191235059771, 0.6720475785896347, 0.5553359683794467, 2]

Expect=1  Output=2
[0.5261282660332541, 0.23904382470119523, 0.6550552251486832, 0.5553359683794467, 1]

Expect=0  Output=0
[0.38361045130641336, 0.9960159362549802, 0.07731520815632967, 0.12055335968379449, 0]

Expect=1  Output=2
[0.4786223277909738, 0.3585657370517928, 0.6210705182667801, 0.43675889328063244, 1]

Expect=0  Output=0
[0.16983372921615197, 0.597609561752988, 0.14528462192013594, 0.04150197628458499, 0]

Expect=2  Output=2
[0.6211401425178148, 0.5577689243027888, 0.7909940526762957, 0.7924901185770751, 2]

Expect=1  Output=1
[0.4311163895486937, 0.5179282868525897, 0.6380628717077316, 0.673913043478261, 1]

Expect=2  Output=1
[0.3598574821852731, 0.3585657370517928, 0.6550552251486832, 0.7529644268774704, 2]

Expect=0  Output=0
[0.12232779097387166, 0.6772908366533864, -0.007646559048428195, 0.04150197628458499, 0]

Expect=2  Output=2
[0.8586698337292162, 0.27888446215139445, 0.9949022939677147, 0.8715415019762845, 2]

Expect=2  Output=2
[0.8586698337292162, 0.3585657370517928, 0.9609175870858114, 0.7529644268774704, 2]

Expect=1  Output=2
[0.5498812351543944, 0.398406374501992, 0.5531011045029737, 0.47628458498023724, 1]

Expect=0  Output=0
[0.24109263657957236, 0.5577689243027888, 0.1112999150382328, 0.16007905138339923, 0]

Expect=2  Output=1
[0.5498812351543944, 0.5179282868525897, 0.7230246389124894, 0.8715415019762845, 2]

Expect=2  Output=2
[0.5736342042755345, 0.43824701195219123, 0.7570093457943926, 0.673913043478261, 2]

Expect=1  Output=1
[0.4073634204275534, 0.3187250996015937, 0.5191163976210705, 0.35770750988142297, 1]

Expect=2  Output=1
[0.5261282660332541, 0.3187250996015937, 0.6550552251486832, 0.673913043478261, 2]

Expect=0  Output=0
[0.24109263657957236, 0.6374501992031872, 0.06032285471537808, 0.08102766798418973, 0]

Expect=0  Output=0
[0.31235154394299297, 0.597609561752988, 0.1112999150382328, 0.04150197628458499, 0]

Expect=1  Output=1
[0.3598574821852731, 0.43824701195219123, 0.5870858113848768, 0.5553359683794467, 1]

Expect=0  Output=0
[0.24109263657957236, 0.7569721115537847, 0.07731520815632967, 0.08102766798418973, 0]

Expect=1  Output=1
[0.502375296912114, 0.11952191235059771, 0.5870858113848768, 0.5553359683794467, 1]

Expect=2  Output=2
[0.8586698337292162, 0.7569721115537847, 0.9609175870858114, 0.8320158102766799, 2]

Accuracy : 73.33333333333333