Expect=0  Output=0
[0.07875000000000008, 0.40441176470588225, 0.05559968228752979, 0.04150197628458499, 0]

Expect=2  Output=2
[0.57875, 0.44117647058823517, 0.7227958697378871, 0.673913043478261, 2]

Expect=1  Output=2
[0.35374999999999995, 0.22058823529411759, 0.4845115170770452, 0.47628458498023724, 1]

Expect=0  Output=0
[0.35374999999999995, 0.8455882352941174, 0.07148530579825256, 0.04150197628458499, 0]

Expect=1  Output=2
[0.4787499999999999, 0.5514705882352939, 0.5639396346306591, 0.5948616600790515, 1]

Expect=2  Output=2
[0.9037499999999998, 0.40441176470588225, 0.8181096108022238, 0.8715415019762845, 2]

Expect=2  Output=2
[0.5037499999999998, 0.25735294117647056, 0.7386814932486099, 0.5158102766798419, 2]

Expect=1  Output=2
[0.35374999999999995, 0.18382352941176464, 0.4527402700555996, 0.39723320158102776, 1]

Expect=1  Output=2
[0.32875000000000004, 0.40441176470588225, 0.5639396346306591, 0.5553359683794467, 1]

Expect=1  Output=2
[0.42874999999999985, 0.2941176470588235, 0.46862589356632245, 0.43675889328063244, 1]

Expect=2  Output=2
[0.70375, 0.44117647058823517, 0.7069102462271644, 0.7924901185770751, 2]

Expect=0  Output=0
[0.22874999999999995, 0.47794117647058815, 0.03971405877680698, 0.04150197628458499, 0]

Expect=2  Output=2
[0.9537499999999999, 0.6985294117647056, 0.8657664813343923, 0.7529644268774704, 2]

Expect=0  Output=0
[0.17874999999999994, 0.44117647058823517, 0.10325655281969819, 0.04150197628458499, 0]

Expect=1  Output=2
[0.3787499999999998, 0.40441176470588225, 0.500397140587768, 0.47628458498023724, 1]

Expect=2  Output=2
[0.5537499999999999, 0.5514705882352939, 0.7386814932486099, 0.9110671936758893, 2]

Expect=0  Output=0
[0.32875000000000004, 0.5514705882352939, 0.08737092930897537, 0.12055335968379449, 0]

Expect=1  Output=2
[0.35374999999999995, 0.18382352941176464, 0.4368546465448768, 0.35770750988142297, 1]

Expect=1  Output=2
[0.6537499999999999, 0.44117647058823517, 0.5957108816521047, 0.5553359683794467, 1]

Expect=2  Output=2
[0.5537499999999999, 0.3308823529411763, 0.6592533756949959, 0.5553359683794467, 2]

Expect=2  Output=2
[0.57875, 0.3308823529411763, 0.7386814932486099, 0.8320158102766799, 2]

Expect=0  Output=0
[0.25374999999999986, 0.5514705882352939, 0.08737092930897537, 0.04150197628458499, 0]

Expect=0  Output=0
[0.35374999999999995, 0.5882352941176469, 0.05559968228752979, 0.04150197628458499, 0]

Expect=1  Output=2
[0.4787499999999999, 0.2941176470588235, 0.6592533756949959, 0.5948616600790515, 1]

Expect=2  Output=2
[0.4787499999999999, 0.40441176470588225, 0.6115965051628275, 0.673913043478261, 2]

Expect=0  Output=0
[0.20375000000000004, 0.44117647058823517, 0.08737092930897537, 0.001976284584980239, 0]

Expect=0  Output=0
[0.27875, 0.8088235294117643, 0.08737092930897537, 0.001976284584980239, 0]

Expect=2  Output=2
[0.8287499999999999, 0.3308823529411763, 0.8181096108022238, 0.7134387351778656, 2]

Expect=0  Output=0
[0.20375000000000004, 0.44117647058823517, 0.08737092930897537, 0.001976284584980239, 0]

Expect=1  Output=2
[0.5537499999999999, 0.1470588235294117, 0.5480540111199365, 0.47628458498023724, 1]

Accuracy : 66.66666666666666