Expect=1  Output=1
[0.2668735449822482, 0.19741592634558014, 0.3782505914285714, 0.047636404692803176, 0.036231754285714284, 0.15161943714285714, 0.07830232714876244, 0.024116456572596073, 0.27243873047619044, 1]

Expect=1  Output=1
[0.35996896752147584, -0.035351640048733375, 0.3039513676190476, 0.06939100612665781, 0.04239725523809524, 0.058814113333333334, 0.3295078716966384, -0.0006885932152894139, 0.26959990857142857, 1]

Expect=1  Output=1
[0.2668735449822482, 0.05686743127540752, 0.21614319523809522, 0.019440281350702176, 0.01213548095238095, 0.0369900780952381, 0.44553615901228066, 0.05524448017845382, 0.0853070019047619, 1]

Expect=0  Output=1
[0.06516679547489922, 0.849884964241187, 0.18237082095238094, 0.2236018135315449, 0.09850314095238095, 0.49920209333333326, 0.10219925788148296, 0.16713756740894314, 0.3127066638095238, 0]

Expect=0  Output=1
[0.5151280057592109, 0.6316000770348753, 0.16886187142857143, 0.30172937481147794, 0.12872793238095237, 0.29314996666666665, 0.1817351658292779, 0.12584240855265177, 0.22968293714285712, 0]

Expect=1  Output=1
[0.6858029474173061, 0.22081244772969624, 0.3039513676190476, 0.03834055608672449, 0.02624241619047619, 0.19352490857142857, 0.4808491156927891, 0.01876113623478518, 0.08649992952380953, 1]

Expect=0  Output=0
[0.5616757170288247, 0.7531322941695514, 0.23640661904761903, 0.038475557470255536, 0.022082102857142856, 0.1872291733333333, 0.11295991788114819, 0.04149533340980503, 0.1190657, 0]

Expect=1  Output=0
[0.48409619790995717, 0.18240634388931815, 0.25667004380952385, 0.08543695308429211, 0.04615534571428571, 0.11734794761904761, 0.07638533880600677, 0.059652683072109636, 0.17834382857142855, 1]

Expect=1  Output=0
[0.4065166797996234, 0.2500273524742795, 0.17561634571428572, 0.02503322020095939, 0.0125464, 0.04848259238095238, 0.06080980231292464, 0.08550089067710646, 0.3395556038095238, 1]

Expect=0  Output=1
[0.018619084205285408, 0.19104862025259195, 0.14859844666666666, 0.062313046654780706, 0.02626783523809524, 0.34651471809523804, 0.7437674334695399, 0.015861798287008524, 0.0743170838095238, 0]

Expect=1  Output=1
[0.2513576415618882, 0.02271221996603658, 0.36474164095238093, 0.2595509065048453, 0.15499949428571427, 0.09714465142857143, 0.5553327480266751, 0.016345021278304634, 0.10074590571428571, 1]

Expect=0  Output=1
[-0.043444531493222166, 0.18372964654144805, 0.14859844666666666, 0.031976178289305456, 0.013941612380952382, 0.17879091523809523, 0.6532594350007476, 0.022626921118190802, 0.1543815438095238, 0]

Expect=1  Output=1
[0.28238944840260816, 0.15201409247842562, 0.17561634571428572, 0.6655210792682423, 0.28547860952380955, 0.06479633619047619, 0.24048361071296495, 0.029150432930243404, 0.1533845561904762, 1]

Expect=0  Output=1
[0.15826221801412682, 0.20715036360036754, 0.10131712285714285, 0.06460807989980959, 0.023332538095238095, 0.12129510666666665, 0.4835198433819402, 0.07348615262680651, 0.06868093333333333, 0]

Expect=1  Output=1
[0.5616757170288247, 0.1526104540370445, 0.25667004380952385, 0.06302662832923879, 0.035273071428571424, 0.08729060190476189, 0.09282159097898507, 0.12860318258048103, 0.20177938095238096, 1]

Expect=0  Output=1
[0.096198603324153, 0.11590715458313655, 0.12158054666666666, 0.019999575884061302, 0.007749353333333332, 0.11365115523809524, 0.3398940351721561, 0.0441303494725698, 0.17793466, 0]

Expect=0  Output=1
[0.29790535283150194, 0.14323132382784315, 0.1621073961904762, 0.008427979790521638, 0.004749378095238095, 0.24747569619047619, 1.0796856460950577, 0.0006402707255524522, 0.08406797047619048, 0]

Expect=1  Output=1
[0.2513576415618882, 0.27546078720515865, 0.31070584285714287, 1.0805556683052362, 0.5740696895238094, 0.153421859047619, 0.42862154887474296, 0.024680619069458454, 0.11462881619047618, 1]

Expect=0  Output=1
[0.2513576415618882, 0.08126401162728605, 0.17561634571428572, 0.09876357472762512, 0.04387834476190476, 0.1083336238095238, 0.5538490105415562, 0.052828365221973275, 0.010239006666666666, 0]

Expect=0  Output=1
[-0.058960434913582195, -0.020713692626445592, 0.1891252952380952, 0.0708760278288334, 0.033418125714285714, 0.05061625238095238, 1.0209296336946772, 0.043284708523024046, 0.3379252685714286, 0]

Expect=1  Output=1
[0.23584173713299442, 0.36438632016207495, 0.2769334685714286, 0.15666012887157058, 0.08376673523809523, 0.060808187619047625, 0.1413786876260789, 0.15503005027746405, 0.4384907942857143, 1]

Expect=1  Output=1
[0.28238944840260816, 0.08467953216659364, 0.1891252952380952, 0.01905456187712127, 0.010652350476190476, 0.09481823142857143, 0.5013246964424234, 0.12434538318238546, 0.14716634857142857, 1]

Accuracy : 50.0