Expect=0  Output=1
[0.38402457789504973, 0.21133965619047618, 0.21614319523809522, 0.013496653333333334, 0.008364421323497103, 0.003574772161646585, 0.31473113809523806, 0.08580482761904762, 0.27925282476190477, 0]

Expect=1  Output=1
[0.6912442392126257, 0.14816105428571427, 0.35123269142857144, 0.07225978857142858, 0.05161279387765157, 0.2959645836243734, 0.06496854666666667, 0.15076761523809523, 0.3846159942857143, 1]

Expect=1  Output=1
[0.41474654332788263, 0.035941656190476186, 0.22289766952380952, 0.03284072285714286, 0.018806363878207603, 0.05183533580845214, 0.10867158476190476, 0.028497183809523808, 0.02579316952380952, 1]

Expect=1  Output=1
[0.41474654332788263, 0.21314756095238094, 0.2904424180952381, 0.0052354771428571424, 0.006969225545393628, 0.017026727469720032, 0.20139043904761905, 0.1007420819047619, 0.1806040514285714, 1]

Expect=1  Output=1
[0.32258064503245626, 0.11593253333333334, 0.0945626476190476, 0.036172389523809516, 0.012256261284255849, 0.014035637837088387, 0.17227322857142857, 0.2996613733333333, 0.19427546285714287, 1]

Expect=0  Output=0
[0.3686635941801694, 0.24176221809523807, 0.06754474857142856, 0.004674533333333333, -0.0019092023936097488, 0.02600681050636183, 0.21062069238095235, 0.057776047619047616, 0.2139610733333333, 0]

Expect=0  Output=0
[0.7834101385065161, 0.21819864857142857, 0.15535292095238093, 0.04283572476190476, 0.019300790802401, 0.12048504728881672, 0.2597419971428571, 0.046856080952380946, 0.1570163580952381, 0]

Expect=0  Output=1
[0.9523809523809524, 0.1291807219047619, 0.21614319523809522, 0.01898710476190476, 0.011209578190906132, 0.002072414670940378, 0.08279991523809523, 0.08892852571428571, 0.4195860619047619, 0]

Expect=1  Output=1
[0.15360983115801993, 0.2767505476190476, 0.21614319523809522, 0.32750631523809526, 0.17108447866285617, 0.11603702157428608, 0.5279069838095237, 0.10690400761904761, 0.25132506476190475, 1]

Expect=0  Output=1
[0.6758832564962093, 0.14126460285714287, 0.11482607238095237, 0.013496653333333334, 0.0037313231332440256, 0.03822099410711055, 0.1443214971428571, 0.11536256, 0.5085081523809524, 0]

Expect=1  Output=1
[0.32258064503245626, 0.13826859904761904, 0.2836879428571429, 0.19412062666666666, 0.11522649768924074, 0.01283988339791041, 0.5078269799999999, 0.23932153904761902, 0.29195087619047616, 1]

Expect=1  Output=1
[0.21505376302214954, 0.19461797809523806, 0.23640661904761903, 0.04808820095238095, 0.027800931223553964, 0.02181542302456254, 0.08156127523809524, 0.15121791047619046, 0.0882950838095238, 1]

Expect=1  Output=1
[0.2764976958847431, 0.1409061161904762, 0.22289766952380952, 0.009638038095238093, 0.00665202300031429, 0.14269224248458948, 0.17817614095238093, 0.1710175104761905, 0.15910081142857144, 1]

Expect=0  Output=1
[0.7526881720752193, 0.17107151047619049, 0.2499155695238095, 0.015604442857142856, 0.011060407269459088, -0.023243969530065873, 0.22780054476190476, 0.037115574285714284, 0.052449626666666666, 0]

Expect=1  Output=1
[0.5837173582007829, 0.20199869523809524, 0.21614319523809522, 0.01784821904761905, 0.010619405960734275, 0.038017727762549546, 0.25077009999999994, 0.09036669523809523, 0.3792760580952381, 1]

Expect=0  Output=0
[0.9062980032332392, 0.10935826666666666, 0.21614319523809522, 0.011609840952380953, 0.0073866734000690255, 0.026423564403604122, 0.09876835142857143, 0.010310317142857142, 0.24373931238095237, 0]

Expect=0  Output=1
[0.9984639015286655, 0.20406050761904762, 0.11482607238095237, 0.03838216952380952, 0.014524458718374494, 0.005077130628590437, 0.10297166666666667, 0.11741605238095237, 0.6974534771428571, 0]

Expect=1  Output=1
[0.38402457789504973, 0.14126460285714287, 0.12158054666666666, 0.0035356466666666667, -0.0003361133427247056, -0.002078091883328397, 0.058375377142857135, 0.2382164438095238, 0.39869657428571426, 1]

Expect=0  Output=1
[0.7987711212229325, 0.25590035904761904, 0.3917595409523809, 0.06863914952380952, 0.0530455211744767, -0.025049524955402174, 0.3035166266666667, 0.022867283809523808, 0.13534311047619046, 0]

Expect=1  Output=1
[0.6758832564962093, 0.12784712666666667, 0.2836879428571429, 0.06404960761904761, 0.04049718856763489, 0.03613949534965627, 0.18110102857142857, 0.1271504019047619, 0.23222093428571428, 1]

Expect=0  Output=1
[0.8909370195183588, 0.22407400666666666, 0.20938872000000003, 0.03511849523809524, 0.019138216244224415, 0.12970927759755002, 0.5438296114285714, 0.07324424, 0.29324926571428567, 0]

Expect=1  Output=1
[0.38402457789504973, 0.12189940857142856, 0.22965214476190474, 0.1678242514285714, 0.09069338827211794, 0.05364089123378846, 0.17684797904761906, 0.24033102190476188, 0.3041602314285714, 1]

Accuracy : 68.18181818181817