Expect=0  Output=0
[0.5274725276190476, 0.376041199047619, 0.2904424180952381, 0.04433069713916999, 0.03246487238095238, 0.22143973238095235, -0.0036031060761108754, 0.3121202018726204, 0.19199391714285713, 0]

Expect=0  Output=1
[0.6153846152380953, 0.6064598076190475, 0.14859844666666666, 0.028034900651272256, 0.014654699047619046, 0.13198223714285712, 0.05162849027331751, 0.0014971001429717615, 0.33929800000000004, 0]

Expect=1  Output=1
[0.4102564104761905, 0.5858491733333333, 0.18237082095238094, 0.4712907905745963, 0.23307252095238096, 0.27654376, 0.10495785990455138, 0.3852338131814562, 0.4142536171428571, 1]

Expect=0  Output=1
[0.6153846152380953, 0.8408555390476189, 0.2769334685714286, 0.22133676609043765, 0.13181345428571428, 0.7798591847619047, 0.13882464088308114, 0.3499687256288243, 0.47205643428571425, 0]

Expect=1  Output=1
[0.5274725276190476, 0.606121438095238, 0.4795677133333333, 0.4698944944450627, 0.3590798847619047, 0.37147388095238093, 0.16186985910798843, 0.15181694422799846, 0.20180531428571427, 1]

Expect=1  Output=0
[0.29304029333333337, 0.4485380533333333, 0.26342451904761904, 0.11363466031074063, 0.06900586666666667, 0.09266573904761904, 0.08389800350976834, 0.36302270616903837, 0.20825115714285714, 1]

Expect=0  Output=0
[0.3956043952380952, 0.4391673428571429, 0.11482607238095237, 0.02248377171744866, 0.010258155238095238, 0.17482492285714282, 0.022984106312132938, 0.13121702870052246, 0.2466628495238095, 0]

Expect=0  Output=1
[0.6300366304761904, 0.529556680952381, 0.12833502190476193, 0.05592676574954219, 0.025822036190476187, 0.19489084952380953, -0.0036031060761108754, 0.018267368743503595, 0.3108896104761905, 0]

Expect=1  Output=1
[0.23443223428571427, 0.5875119047619047, 0.4593042895238095, 0.6702118961162061, 0.49433922666666663, 0.2960923342857143, 0.10209226231104819, 0.26270271115363847, 0.3414066580952381, 1]

Expect=1  Output=1
[0.36630036666666665, 0.6641114514285714, 0.4998311380952381, 0.38061668588591896, 0.30057920285714285, 0.42186192285714286, 0.22553970664294648, 0.046845041645567596, 0.3518560123809524, 1]

Expect=0  Output=1
[0.2783882780952381, 0.7564930009523809, 0.19587977047619046, 0.3517882807705749, 0.1791582657142857, 0.29802326285714287, 0.15911270856462553, 0.06410079259244143, 0.5269645295238095, 0]

Expect=1  Output=1
[0.35164835142857137, 0.6069975371428571, 0.9388720028571428, 0.16393537465016736, 0.21317583714285712, 0.15310502285714286, 0.04728526260041409, 0.9233637639333655, 0.9523809523809523, 1]

Expect=1  Output=1
[0.8498168495238095, 0.6054650476190476, 0.27017899333333334, 0.2646559997821969, 0.15464018, 0.30281457999999994, 0.2023503366924093, 0.3065048407358099, 0.5465988495238095, 1]

Expect=0  Output=0
[0.058608059047619045, 0.8240564009523809, 0.18237082095238094, 0.10287296401046646, 0.05319218571428572, 0.7112109628571428, 0.06567323446269488, 0.33391578299056957, 0.1802536657142857, 0]

Expect=1  Output=1
[0.36630036666666665, 0.5376159180952381, 0.06754474857142856, 0.09980792421478173, 0.03805585142857143, 0.5209818152380953, 0.2238823520105862, 0.3215425017559912, 0.3207897571428571, 1]

Expect=0  Output=1
[0.7765567761904761, 0.8114317276190477, 0.10807159714285713, 0.02292650003775289, 0.010078593333333333, 0.19359470095238096, 0.15443894337266165, 0.25732725230626996, 0.32988712666666664, 0]

Expect=1  Output=0
[0.23443223428571427, 0.43668262571428573, 0.2904424180952381, -0.0017470732273458447, 0.005829885714285714, 0.11090819523809524, 0.1186891195831461, 0.4176057878244936, 0.14250586285714284, 1]

Expect=0  Output=1
[0.659340659047619, 0.7880930628571429, 0.2769334685714286, 0.052980921452988716, 0.03638599238095238, 0.8770725219047618, 0.11903857634362443, 1.4447245440753962, 0.1254337438095238, 0]

Expect=1  Output=1
[0.6886446885714285, 0.44985298285714287, 0.2971968933333333, 0.26675044397649716, 0.1627725476190476, 0.5449217847619048, -0.01794534915640213, 0.8429880727815138, 0.12111269523809523, 1]

Expect=1  Output=1
[0.49816849809523805, 0.5082435133333333, 0.5336035123809523, 0.2391991385375106, 0.20215365904761903, 0.2058039742857143, 0.21138344993372013, 0.19712258275121924, 0.5060104961904762, 1]

Expect=1  Output=0
[0.659340659047619, 0.47477973333333334, 0.3242147923809524, 0.10682346044675965, 0.07279702190476191, 0.11562861238095239, 0.07883148204006005, 0.24310855506476597, 0.1773399257142857, 1]

Expect=0  Output=1
[0.42490842476190477, 0.8680897152380951, 0.2769334685714286, 0.13010073758232488, 0.08009904666666666, 0.25339255714285713, 0.4716397583718559, 0.12916430772404291, 0.3745395019047619, 0]

Accuracy : 54.54545454545454