Expect=1  Output=1
[0.8351648352380953, 0.6744326257414123, 0.2740664608179602, 0.12301672285714287, 0.12324907509980894, 0.38214882571428577, 0.23507219142857144, 0.31808364857142857, 0.21918286952380953, 1]

Expect=1  Output=1
[0.35164835142857137, 0.4957730019127574, 0.2055498453719491, 0.0018358171428571428, 0.006200424446575528, 0.12431391428571427, 0.22422976857142854, 0.1557360761904762, 0.9523809523809523, 1]

Expect=0  Output=1
[0.1758241761904762, 0.5187282746671149, 0.17814319957997835, 0.03251775428571429, 0.029199540986872125, 0.11979733523809522, 0.18176445428571428, 0.07175633333333332, 0.28145080857142857, 0]

Expect=1  Output=1
[0.4542124542857143, 0.6914401907050629, 0.21925316923401872, 0.2414269057142857, 0.2125884460494461, 0.36460983428571425, 0.24506952666666665, 0.047747496190476184, 0.2521480114285714, 1]

Expect=1  Output=1
[0.5128205123809523, 0.5236047007433232, 0.11647824606500204, 0.012850717142857142, 0.008875912425329507, 0.14081487809523807, 0.3869955428571428, 0.34382292380952384, 0.4982898923809524, 1]

Expect=0  Output=1
[0.30769230761904764, 0.9486319429354095, 0.15758821475295814, 0.07356865809523808, 0.058911159617509236, 0.3951501895238095, 0.07750938761904762, 0.06633081619047619, 0.3113886809523809, 0]

Expect=0  Output=1
[0.14652014666666668, 0.6914401907050629, 0.1849948615110132, 0.03566244095238095, 0.032440058692554126, 0.2707421114285714, 0.15670790095238096, 0.029165625714285714, 0.30367211047619047, 0]

Expect=0  Output=1
[0.16117216095238093, 0.8579216404695189, 0.2055498453719491, 0.07453756095238095, 0.06722648053282321, 0.5129024914285714, 0.13901657238095239, 0.2272848876190476, 0.3585035580952381, 0]

Expect=1  Output=1
[0.2637362638095238, 0.5553305601336218, 0.2603631379219749, 0.02957704857142857, 0.03477786140622427, 0.08807936857142856, 0.1319148076190476, 0.6091869933333333, 0.5739883523809524, 1]

Expect=1  Output=1
[0.9084249085714285, 0.4216569287754204, 0.9660842752769377, 0.6659765352380953, 1.2959410215178935, 0.48008445999999994, 0.09687976476190477, 0.2554503257142857, 0.9523809523809523, 1]

Expect=1  Output=1
[0.600732600952381, 0.5741182477542386, 0.17129153861502783, 0.2076682742857143, 0.16736466997008953, 0.24599786476190474, 0.14728748095238095, 0.1962134133333333, 0.9523809523809523, 1]

Expect=1  Output=1
[0.8937728933333333, 0.473603137321306, 0.9318259675539322, 0.8394102266666665, 1.5799989008484847, 0.7374906457142856, 0.16348547809523808, 0.6278217409523809, 0.5950322866666666, 1]

Expect=0  Output=1
[0.43956044, 0.6156203721253525, 0.2055498453719491, 0.052779732380952384, 0.04896289561817826, 0.0888470876190476, 0.21137926761904763, 0.08430050285714287, 0.68121756, 0]

Expect=1  Output=1
[0.24908424952380948, 0.421966773875303, 0.2535114769570243, 0.3331837485714286, 0.308786329947849, 0.44750239428571426, 0.309891619047619, 0.2972493342857143, 0.4252775361904761, 1]

Expect=1  Output=1
[0.35164835142857137, 0.7161854633391759, 0.26721479985300967, 0.44612047714285713, 0.42005183070422314, 0.46268062285714284, 0.5212649971428571, 0.08386916095238096, 0.3989051923809524, 1]

Expect=0  Output=1
[0.16117216095238093, 0.6051335941506292, 0.164439876683993, 0.03304470190476191, 0.028234678318094272, 0.3866554333333333, 0.19349607047619044, 0.15968056761904761, 0.39646343619047614, 0]

Expect=1  Output=1
[0.2783882780952381, 0.6545931581954544, 0.2946214456449804, 0.032228783809523806, 0.04063235457345243, 0.23785539523809524, 0.28958166, 0.4278784809523809, 0.42039402476190474, 1]

Expect=0  Output=1
[0.07326007333333334, 0.7064720944014512, 0.164439876683993, 0.05742026952380952, 0.04733153885305769, 0.4576245371428571, 0.1191946619047619, 0.2582655780952381, 0.4951156676190476, 0]

Expect=0  Output=1
[0.38095238095238093, 1.027058624255208, 0.3151764304720006, 0.07259975428571429, 0.08260277071606091, 0.46892983047619047, 0.07883179047619046, 0.10350614761904761, 0.48484554095238097, 0]

Expect=0  Output=1
[0.6153846152380953, 0.6645818476574072, 0.2055498453719491, 0.1158094419047619, 0.10187021741235333, 0.46142214095238093, 0.22770984571428574, 0.24352051333333333, 0.6087198342857142, 0]

Expect=0  Output=1
[0.1758241761904762, 0.8032432351655104, 0.13703323089202224, 0.07067894666666666, 0.05353989015411877, 0.06613568857142857, 0.08925683904761904, 0.15104660476190476, 0.30858789428571426, 0]

Expect=1  Output=1
[0.6886446885714285, 0.3628826660578719, 0.3562863991599567, 0.13535749142857142, 0.15453497777527014, 0.16345094476190475, 0.10025553142857142, 0.4772733580952381, 0.43455701523809526, 1]

Accuracy : 54.54545454545454