Expect=0  Output=0
[0.8937728933333333, 0.3878563457142857, 0.19126669064615143, 0.03450655619047619, 0.022826247619047616, 0.03920571619047619, 0.16427114571428572, 0.07730474666666666, 0.10728453142857143, 0]

Expect=1  Output=0
[0.32234432190476187, 0.6979529142857143, 0.16239624708993997, 0.056400371428571426, 0.032444421904761905, 0.1592933, 0.19642292095238095, 0.06857046285714286, 0.09413581904761904, 1]

Expect=1  Output=0
[0.7472527476190476, 0.570709640952381, 0.5954529055215279, 0.07781823333333333, 0.08371560952380952, 0.5120228828571428, 0.21998116952380953, 0.10285569428571428, 0.03089336666666666, 1]

Expect=0  Output=0
[0.7912087914285713, 0.32659106666666665, -0.06856730441280122, 0.018290174285714285, 0.002005857142857143, 0.025723558095238092, 0.2332600380952381, 0.017550658095238095, 0.09445796666666667, 0]

Expect=0  Output=0
[0.6153846152380953, 0.4396961971428572, 0.14796102429415112, 0.06136387619047618, 0.03385683523809524, 0.22749063999999997, 0.1569512057142857, 0.04219497904761905, 0.10375415714285714, 0]

Expect=1  Output=1
[0.4835164838095238, 0.7760966723809523, 0.18404907924825703, 0.17195483904761905, 0.09580808761904762, 0.3196080095238095, 0.01855683238095238, 0.08141776666666665, 0.35153386476190474, 1]

Expect=1  Output=1
[0.7179487180952382, 0.8831331114285714, 0.4655359074832099, 0.05446256476190475, 0.054062950476190474, 0.4109499047619048, 0.043966105714285705, 0.04445430380952382, 0.4282200914285714, 1]

Expect=0  Output=0
[0.6886446885714285, 0.5622267561904762, 0.2345723559804687, 0.10042597714285713, 0.0631849638095238, 0.5781818361904761, 0.1694618133333333, 0.013145488571428571, 0.0894021438095238, 0]

Expect=0  Output=1
[0.7619047619047619, 0.5112544019047619, 0.09743774756193946, 0.05004300571428571, 0.024532611428571428, 0.26865719619047623, 0.14956713428571428, 0.05835430857142857, 0.3762885523809524, 0]

Expect=0  Output=0
[0.659340659047619, 0.5198123323809524, 0.14074341391393982, 0.14060996666666667, 0.07293004476190476, 0.4537737580952381, 0.1735530961904762, 0.015935389523809525, 0.09792725333333333, 0]

Expect=0  Output=0
[0.659340659047619, 0.66590646, 0.1696138574701513, 0.05096091428571428, 0.030149965714285708, 0.12002111523809522, 0.265211960952381, 0.10355540285714286, 0.12926206190476192, 0]

Expect=1  Output=0
[0.6153846152380953, 0.3860890780952381, 0.14074341391393982, 0.06955705809523809, 0.037378886666666666, 0.11740001523809523, 0.17731351619047617, 0.14135680190476188, 0.12888458952380955, 1]

Expect=1  Output=1
[0.30769230761904764, 0.5190939571428571, 0.14796102429415112, 0.03877313047619047, 0.022426605714285716, 0.2164334980952381, 0.13057094, 0.14904719619047616, 0.33161658380952375, 1]

Expect=0  Output=0
[0.7472527476190476, 0.34544192190476186, 0.17683146886804574, 0.09598941999999999, 0.054464503809523813, 0.6825827028571427, 0.05458184476190476, 0.015535193333333332, 0.09275962952380952, 0]

Expect=1  Output=0
[0.30769230761904764, 0.3996381304761905, 0.16239624708993997, 0.015264476190476193, 0.01116838857142857, 0.5579973733333333, 0.2733798676190476, 0.09356005047619048, 0.12816018857142858, 1]

Expect=1  Output=1
[0.43956044, 0.8332078, 0.3572717426208922, 0.16110992095238094, 0.11733162761904761, 0.94119198, 0.16632071333333331, 0.022333689523809524, 0.09937432666666668, 1]

Expect=0  Output=1
[0.7619047619047619, 0.4161326285714286, 0.17683146886804574, 0.19782625714285712, 0.1082809038095238, 0.34984925333333333, 0.20130811619047617, 0.06284338, 0.19097445428571427, 0]

Expect=1  Output=1
[0.7326007323809525, 0.48447347047619044, 0.13352580251604534, 0.00985901619047619, 0.007221275238095238, 0.2970317647619048, 0.15695552476190475, 0.18284337999999997, 0.3034519666666667, 1]

Expect=1  Output=1
[0.600732600952381, 0.5912371238095238, 0.19848430204404588, 0.13698932857142856, 0.07913883523809523, 0.4399226961904762, 0.05376699142857143, 0.20834917809523806, 0.20216665047619048, 1]

Expect=0  Output=0
[0.7472527476190476, 0.42084534190476186, 0.11187297035772836, 0.04700030952380952, 0.024106116190476194, 0.06734431999999999, 0.19225585904761902, 0.05271595809523809, 0.16686579047619046, 0]

Expect=1  Output=0
[0.7032967028571427, 0.5073856761904761, 0.09743774756193946, 0.14477455142857143, 0.0687359019047619, 0.24922715809523813, 0.02954963523809524, 0.1395512742857143, 0.10729144761904762, 1]

Expect=1  Output=0
[0.6446886447619047, 0.8101155019047619, 0.44388307430720975, 0.0971963, 0.08391915809523809, 0.15020918380952383, 0.26814470095238097, 0.011830819047619047, 0.08791761142857142, 1]

Accuracy : 63.63636363636363