Expect=1  Output=1
[0.02454783904761905, 0.31617894190476187, 0.19786307999999997, 0.016328717142857142, 0.0006650552380952381, 0.01849501619047619, 0.025255512380952378, 0.04000144285714286, 0.01716565238095238, 1]

Expect=0  Output=1
[0.11300033523809522, 0.5703714390476191, 0.6199709809523809, 0.13934842952380952, 0.03296926666666666, 0.19660951142857142, 0.15813493523809521, 0.15676350952380952, 0.14888953333333332, 0]

Expect=2  Output=1
[0.2079813657142857, 0.03748017809523809, 0.28888009619047617, 0.15605073523809523, 0.001276927619047619, -0.0022101399999999998, 0.03560756952380952, 0.19149825714285712, 0.16127401047619047, 2]

Expect=1  Output=1
[0.07309709238095238, 0.4468790542857143, 0.43793694857142856, 0.07195573238095238, 0.014583070476190474, 0.15189368476190473, 0.09200364285714285, 0.09122970095238095, 0.09071565142857144, 1]

Expect=1  Output=1
[0.07910023523809523, 0.354139639047619, 0.2849228342857143, 0.0516113619047619, 0.008705526666666668, 0.1167448438095238, 0.07842041142857144, 0.0695163438095238, 0.08737704095238095, 1]

Expect=0  Output=1
[0.13513032285714285, 0.5996828599999999, 0.3785780257142857, 0.21373135714285713, 0.04404258095238095, 0.1766865514285714, 0.12654489428571428, 0.24584093809523808, 0.1430787180952381, 0]

Expect=1  Output=1
[0.14089729333333334, 0.14559607809523809, 0.17807677142857142, 0.0306498819047619, 0.00417104857142857, 0.08048128571428571, 0.056418796190476184, 0.04900100476190476, 0.14399805523809525, 1]

Expect=0  Output=1
[0.09175318857142857, 0.5184758066666667, 0.5869938009523809, 0.09604605809523808, 0.017583281904761904, 0.14318184095238096, 0.13663069142857143, 0.10917742285714285, 0.1030237019047619, 0]

Expect=3  Output=3
[0.8111305333333334, 0.19749171047619046, 0.5421448352380952, 0.5259151390476191, 0.2067859723809524, 0.36238778571428565, 0.5636447419047619, 0.5259342828571428, 0.7981604247619047, 3]

Expect=3  Output=1
[0.6519124085714286, 0.1084918838095238, 0.1564905638095238, 0.13748731904761904, 0.01715525238095238, 0.09920930761904762, 0.20796282000000002, 0.14098049999999998, 0.6241491085714285, 3]

Expect=1  Output=1
[0.01730317619047619, 0.4223727838095238, 0.5553357076190475, 0.01329571238095238, 0.00013066095238095237, 0.004614474285714286, 0.05185440476190476, 0.022328003809523808, 0.019115970476190475, 1]

Expect=2  Output=1
[0.45294232380952376, 0.22007592, 0.2941564447619047, 0.16682037904761904, 0.04758683047619048, 0.24332605809523808, 0.30058324476190473, 0.14719431809523809, 0.48094230000000004, 2]

Expect=2  Output=3
[0.50597692, 0.20950458857142856, 0.13322780666666664, 0.5636052323809524, 0.05866647428571428, 0.08810160666666665, 0.1971840695238095, 0.6190440190476191, 0.3686308304761905, 2]

Expect=3  Output=3
[0.5992549038095237, 0.1561674095238095, 0.42210790285714284, 0.3338709504761904, 0.07514474476190476, 0.19918392666666668, 0.3327892723809524, 0.34855472285714284, 0.5834867257142857, 3]

Expect=1  Output=1
[0.04004917523809524, 0.2902311285714286, 0.25458382952380954, 0.030978506666666666, 0.001146827619047619, 0.01915525904761905, 0.03297112, 0.05575509238095238, 0.03106138857142857, 1]

Expect=0  Output=1
[0.06761475523809522, 0.534813319047619, 1.0091017028571427, 0.15987774857142859, 0.02987393333333333, 0.1554810238095238, 0.06405921619047619, 0.19404765428571427, 0.1101424257142857, 0]

Expect=1  Output=1
[0.08426294190476191, 0.21911489238095236, 0.2651365257142857, 0.05966819999999999, 0.007101009523809523, 0.08312013047619046, 0.04684857238095238, 0.08608101619047617, 0.08939465238095237, 1]

Expect=1  Output=1
[0.050143899047619046, 0.4862812933333333, 0.27964648571428574, 0.03946709714285714, 0.006364623809523809, 0.1038581361904762, 0.07604090857142858, 0.05399606380952381, 0.05752133523809524, 1]

Expect=1  Output=1
[0.05190952952380952, 0.15328432095238095, 0.09629336666666666, 0.03423843809523809, 0.003180655238095238, 0.05550934190476191, 0.02181842476190476, 0.06277945333333333, 0.052687406666666665, 1]

Expect=1  Output=1
[0.05190952952380952, 0.09562250761904761, 0.15169502761904763, 0.04677020476190476, 0.0008393990476190475, 0.006986909523809523, 0.0025212419047619047, 0.07680167333333333, 0.03687019904761905, 1]

Expect=3  Output=1
[0.7051927180952382, 0.13646629047619047, 0.039572615238095236, 0.3383580647619047, 0.0904835219047619, 0.23879424380952383, 0.2623399752380952, 0.3762989780952381, 0.6693906790476191, 3]

Accuracy : 57.14285714285714