Expect=2  Output=2
[0.4311163895486937, 0.40441176470588225, 0.6592533756949959, 0.673913043478261, 2]

Expect=0  Output=0
[0.2173396674584323, 0.6249999999999998, 0.07148530579825256, 0.04150197628458499, 0]

Expect=0  Output=0
[0.2173396674584323, 0.5147058823529409, 0.07148530579825256, 0.04150197628458499, 0]

Expect=1  Output=2
[0.5736342042755345, 0.3308823529411763, 0.5798252581413819, 0.5553359683794467, 1]

Expect=2  Output=2
[0.5261282660332541, 0.36764705882352927, 0.7386814932486099, 0.673913043478261, 2]

Expect=2  Output=2
[0.4073634204275534, 0.2941176470588235, 0.6592533756949959, 0.7134387351778656, 2]

Expect=0  Output=0
[0.12232779097387166, 0.47794117647058815, 0.07148530579825256, 0.04150197628458499, 0]

Expect=1  Output=1
[0.38361045130641336, 0.40441176470588225, 0.5162827640984908, 0.43675889328063244, 1]

Expect=2  Output=2
[0.5261282660332541, 0.5147058823529409, 0.802223987291501, 0.950592885375494, 2]

Expect=0  Output=0
[0.14608076009501192, 0.47794117647058815, 0.05559968228752979, 0.04150197628458499, 0]

Expect=2  Output=2
[0.502375296912114, 0.5514705882352939, 0.7069102462271644, 0.8715415019762845, 2]

Expect=1  Output=1
[0.38361045130641336, 0.3308823529411763, 0.500397140587768, 0.47628458498023724, 1]

Expect=0  Output=0
[0.19358669833729225, 0.40441176470588225, 0.07148530579825256, 0.04150197628458499, 0]

Expect=2  Output=2
[0.7161520190023752, 0.40441176470588225, 0.7863383637807784, 0.7924901185770751, 2]

Expect=1  Output=1
[0.38361045130641336, 0.36764705882352927, 0.5162827640984908, 0.47628458498023724, 1]

Expect=0  Output=0
[0.16983372921615197, 0.40441176470588225, 0.07148530579825256, 0.08102766798418973, 0]

Expect=2  Output=2
[0.6211401425178148, 0.40441176470588225, 0.6751389992057187, 0.8715415019762845, 2]

Expect=1  Output=1
[0.502375296912114, 0.36764705882352927, 0.5321683876092136, 0.47628458498023724, 1]

Expect=2  Output=2
[0.5736342042755345, 0.40441176470588225, 0.6751389992057187, 0.7529644268774704, 2]

Expect=0  Output=0
[0.12232779097387166, 0.44117647058823517, 0.08737092930897537, 0.04150197628458499, 0]

Expect=1  Output=2
[0.5498812351543944, 0.47794117647058815, 0.5639396346306591, 0.5553359683794467, 1]

Expect=0  Output=0
[0.2885985748218527, 0.6617647058823528, 0.08737092930897537, 0.04150197628458499, 0]

Expect=1  Output=1
[0.24109263657957236, 0.22058823529411759, 0.32565528196981725, 0.39723320158102776, 1]

Expect=2  Output=2
[0.5736342042755345, 0.40441176470588225, 0.7704527402700554, 0.8320158102766799, 2]

Expect=1  Output=2
[0.6923990498812351, 0.47794117647058815, 0.5957108816521047, 0.5158102766798419, 1]

Expect=1  Output=1
[0.336104513064133, 0.1470588235294117, 0.4845115170770452, 0.47628458498023724, 1]

Expect=0  Output=0
[0.24109263657957236, 0.5882352941176469, 0.07148530579825256, 0.04150197628458499, 0]

Expect=0  Output=0
[0.24109263657957236, 0.6985294117647056, 0.10325655281969819, 0.04150197628458499, 0]

Expect=2  Output=2
[0.5261282660332541, 0.22058823529411759, 0.6433677521842731, 0.7134387351778656, 2]

Expect=1  Output=2
[0.6686460807600951, 0.44117647058823517, 0.6274821286735504, 0.5553359683794467, 1]

Accuracy : 86.66666666666667