Expect=0  Output=0
[0.0985748218527316, 0.1470588235294117, 0.05559968228752979, 0.08102766798418973, 0]

Expect=2  Output=2
[0.4073634204275534, 0.2941176470588235, 0.6592533756949959, 0.7134387351778656, 2]

Expect=0  Output=0
[0.19358669833729225, 0.44117647058823517, 0.08737092930897537, 0.001976284584980239, 0]

Expect=1  Output=1
[0.2173396674584323, 0.1470588235294117, 0.3733121525019856, 0.35770750988142297, 1]

Expect=1  Output=2
[0.6211401425178148, 0.44117647058823517, 0.5957108816521047, 0.5553359683794467, 1]

Expect=0  Output=0
[0.2173396674584323, 0.47794117647058815, 0.03971405877680698, 0.04150197628458499, 0]

Expect=2  Output=2
[0.8586698337292162, 0.40441176470588225, 0.8181096108022238, 0.8715415019762845, 2]

Expect=2  Output=2
[0.6211401425178148, 0.44117647058823517, 0.7386814932486099, 0.9110671936758893, 2]

Expect=2  Output=2
[0.6686460807600951, 0.44117647058823517, 0.7069102462271644, 0.7924901185770751, 2]

Expect=2  Output=2
[0.6448931116389548, 0.47794117647058815, 0.7863383637807784, 0.8715415019762845, 2]

Expect=2  Output=2
[0.6686460807600951, 0.44117647058823517, 0.6592533756949959, 0.8715415019762845, 2]

Expect=2  Output=2
[0.6211401425178148, 0.5147058823529409, 0.7545671167593327, 0.950592885375494, 2]

Expect=1  Output=1
[0.3598574821852731, 0.40441176470588225, 0.500397140587768, 0.47628458498023724, 1]

Expect=1  Output=1
[0.336104513064133, 0.22058823529411759, 0.4845115170770452, 0.47628458498023724, 1]

Expect=0  Output=0
[0.336104513064133, 0.5882352941176469, 0.05559968228752979, 0.04150197628458499, 0]

Expect=0  Output=0
[0.2173396674584323, 0.5882352941176469, 0.05559968228752979, 0.08102766798418973, 0]

Expect=1  Output=1
[0.5261282660332541, 0.1470588235294117, 0.5480540111199365, 0.47628458498023724, 1]

Expect=1  Output=1
[0.4786223277909738, 0.40441176470588225, 0.5798252581413819, 0.5158102766798419, 1]

Expect=0  Output=0
[0.07482185273159155, 0.47794117647058815, 0.05559968228752979, 0.04150197628458499, 0]

Expect=1  Output=1
[0.3598574821852731, 0.2941176470588235, 0.5162827640984908, 0.47628458498023724, 1]

Expect=0  Output=0
[0.07482185273159155, 0.40441176470588225, 0.05559968228752979, 0.04150197628458499, 0]

Expect=0  Output=0
[0.2173396674584323, 0.5882352941176469, 0.10325655281969819, 0.19960474308300397, 0]

Expect=1  Output=1
[0.336104513064133, 0.25735294117647056, 0.5480540111199365, 0.43675889328063244, 1]

Expect=2  Output=2
[0.5498812351543944, 0.44117647058823517, 0.7227958697378871, 0.673913043478261, 2]

Expect=0  Output=0
[0.24109263657957236, 0.6985294117647056, 0.15091342335186653, 0.12055335968379449, 0]

Expect=1  Output=2
[0.45486935866983375, 0.5514705882352939, 0.5639396346306591, 0.5948616600790515, 1]

Expect=1  Output=1
[0.4073634204275534, 0.25735294117647056, 0.4845115170770452, 0.43675889328063244, 1]

Expect=2  Output=2
[0.5261282660332541, 0.5514705882352939, 0.7386814932486099, 0.9110671936758893, 2]

Expect=2  Output=2
[0.45486935866983375, 0.40441176470588225, 0.6115965051628275, 0.673913043478261, 2]

Expect=0  Output=0
[0.24109263657957236, 0.5514705882352939, 0.08737092930897537, 0.04150197628458499, 0]

Accuracy : 93.33333333333333