Expect=1  Output=0
[0.19927095990279473, -0.035573122529644195, 0.4050833995234312, 0.35770750988142297, 1]

Expect=2  Output=2
[0.5637910085054678, 0.43873517786561256, 0.6592533756949959, 0.7529644268774704, 2]

Expect=0  Output=0
[0.19927095990279473, 0.5177865612648219, 0.08737092930897537, 0.04150197628458499, 0]

Expect=1  Output=1
[0.4179829890643987, 0.3596837944664031, 0.5162827640984908, 0.5553359683794467, 1]

Expect=2  Output=2
[0.7582017010935601, 0.3201581027667983, 0.8498808578236694, 0.673913043478261, 2]

Expect=1  Output=1
[0.46658566221142156, 0.3201581027667983, 0.5957108816521047, 0.5158102766798419, 1]

Expect=2  Output=2
[0.393681652490887, 0.28063241106719355, 0.6592533756949959, 0.9110671936758893, 2]

Expect=0  Output=0
[0.29647630619684096, 0.6363636363636362, 0.08737092930897537, 0.04150197628458499, 0]

Expect=1  Output=1
[0.3450789793438639, 0.3201581027667983, 0.42096902303415407, 0.47628458498023724, 1]

Expect=0  Output=0
[0.1506682867557716, 0.5177865612648219, 0.10325655281969819, 0.04150197628458499, 0]

Expect=2  Output=2
[0.3693803159173755, 0.16205533596837943, 0.6433677521842731, 0.7529644268774704, 2]

Expect=1  Output=1
[0.3693803159173755, 0.28063241106719355, 0.5639396346306591, 0.47628458498023724, 1]

Expect=1  Output=1
[0.24787363304981783, 0.24110671936758896, 0.46862589356632245, 0.5158102766798419, 1]

Expect=0  Output=0
[0.17496962332928326, 0.3992094861660078, 0.08737092930897537, 0.001976284584980239, 0]

Expect=1  Output=2
[0.5151883353584447, 0.4782608695652172, 0.5957108816521047, 0.5948616600790515, 1]

Expect=0  Output=0
[0.029161603888213875, 0.3596837944664031, 0.023828435266084212, 0.001976284584980239, 0]

Expect=0  Output=0
[0.1506682867557716, 0.3596837944664031, 0.07148530579825256, 0.001976284584980239, 0]

Expect=1  Output=1
[0.17496962332928326, 0.12252964426877468, 0.3733121525019856, 0.35770750988142297, 1]

Expect=2  Output=2
[0.8311057108140947, 0.3596837944664031, 0.8975377283558378, 0.7924901185770751, 2]

Expect=0  Output=0
[0.10206561360874845, 0.5177865612648219, 0.07148530579825256, 0.08102766798418973, 0]

Expect=1  Output=1
[0.5880923450789793, 0.3201581027667983, 0.5798252581413819, 0.47628458498023724, 1]

Expect=2  Output=1
[0.17496962332928326, 0.16205533596837943, 0.5639396346306591, 0.6343873517786561, 2]

Expect=2  Output=2
[0.6366950182260024, 0.3596837944664031, 0.7227958697378871, 0.7924901185770751, 2]

Expect=1  Output=1
[0.44228432563791015, 0.04347826086956533, 0.4845115170770452, 0.35770750988142297, 1]

Expect=0  Output=0
[0.05346294046172555, 0.3201581027667983, 0.07148530579825256, 0.04150197628458499, 0]

Expect=2  Output=2
[0.612393681652491, 0.16205533596837943, 0.7704527402700554, 0.673913043478261, 2]

Expect=2  Output=2
[0.7339003645200487, 0.5968379446640314, 0.8181096108022238, 0.950592885375494, 2]

Expect=0  Output=0
[0.393681652490887, 0.7549407114624503, 0.03971405877680698, 0.04150197628458499, 0]

Expect=0  Output=0
[0.29647630619684096, 0.7154150197628455, 0.11914217633042096, 0.12055335968379449, 0]

Expect=2  Output=2
[0.5394896719319564, 0.24110671936758896, 0.6910246227164415, 0.7134387351778656, 2]

Accuracy : 90.0