Expect=1  Output=0
[0.2801120447619047, 0.8949509447619047, 0.5932864952380952, 0.4081632659475218, 0.2330293819047619, 0.6188347171428571, 0.3887601152380952, 0.5079365076190475, 1]

Expect=0  Output=0
[0.22408963619047617, 0.40201005047619043, 0.7025761123809523, 0.3476946331238527, 0.06304176476190476, 0.5606415438095238, 0.03293888, 0.06349206380952381, 0]

Expect=0  Output=0
[0.33613445333333336, 0.45944005714285713, 0.0, 0.0, 0.0, 0.3363849266666666, 0.04554511809523809, 0.11111111142857141, 0]

Expect=0  Output=0
[0.056022408571428574, 0.42593922, 0.18735362952380952, 0.28722600179678215, 0.028143644761904764, 0.39457809904761904, 0.19560001619047618, 0.0, 0]

Expect=1  Output=0
[0.44817927142857145, 0.8901651114285715, 0.7025761123809523, 0.5291005300982614, 0.25329280666666665, 0.48967426, 0.14029522952380952, 0.25396825428571423, 1]

Expect=0  Output=0
[0.0, 0.34936587714285716, 0.0, 0.0, 0.0, 0.29948193904761905, 0.1073563495238095, 0.06349206380952381, 0]

Expect=0  Output=0
[0.056022408571428574, 0.40201005047619043, 0.49960968, 0.3476946331238527, 0.1294607676190476, 0.5237385561904762, 0.15981456666666666, 0.11111111142857141, 0]

Expect=0  Output=0
[0.0, 0.32065087333333336, 0.5932864952380952, 0.0, 0.0, 0.6429635933333332, 0.04717172952380952, 0.3968253971428572, 0]

Expect=0  Output=0
[0.6722689076190476, 0.5790859057142856, 0.6088992971428572, 0.2569916861332469, 0.0, 0.3761266057142857, 0.07360416380952381, 0.6507936504761904, 0]

Expect=1  Output=0
[0.6162464990476191, 0.5312275666666666, 0.6557377047619047, 0.6046863192570996, 0.0, 0.6642537790476191, 0.34443495619047615, 0.38095238095238093, 1]

Expect=0  Output=0
[0.16806722666666668, 0.5072983971428572, 0.42154566761904766, 0.31746031746031744, 0.17786783714285712, 0.4385778152380952, 0.08702370761904762, 0.047619047619047616, 0]

Expect=1  Output=0
[0.0, 0.7226609238095238, 0.7025761123809523, 0.695389267744304, 0.0, 0.5975445323809523, 0.11914928190476189, 0.0, 1]

Expect=1  Output=0
[0.16806722666666668, 0.8423067723809522, 0.6713505076190476, 0.4081632659475218, 0.17561634571428572, 0.47264211238095233, 0.4375584561904762, 0.4920634923809524, 1]

Expect=0  Output=0
[0.33613445333333336, 0.4929408952380952, 0.5152224828571429, 0.0, 0.0, 0.34490100095238097, 0.06953763619047619, 0.12698412666666667, 0]

Expect=0  Output=0
[0.5602240895238094, 0.6365159133333333, 0.5308352847619047, 0.0, 0.0, 0.38322333428571426, 0.06791102476190476, 0.23809523809523808, 0]

Expect=1  Output=0
[0.44817927142857145, 0.5934434076190476, 0.5932864952380952, 0.3628117909556203, 0.6754474838095238, 0.40735221047619047, 0.24765157999999998, 0.4920634923809524, 1]

Expect=0  Output=0
[0.33613445333333336, 0.5168700647619047, 0.34348165523809515, 0.3023431596285498, 0.14634695523809524, 0.3406429638095238, 0.29888983809523806, 0.2222222219047619, 0]

Expect=0  Output=0
[0.39215686285714285, 0.5934434076190476, 0.5464480876190476, 0.4988662129381276, 0.24203534857142855, 0.36193314857142855, 0.03375218571428572, 0.25396825428571423, 0]

Expect=0  Output=0
[0.056022408571428574, 0.5551567361904761, 0.5464480876190476, 0.4232804237792895, 0.0, 0.3889007171428571, 0.05123825809523809, 0.0, 0]

Expect=0  Output=0
[0.16806722666666668, 0.37329504666666663, 0.5464480876190476, 0.0, 0.0, 0.46128734666666665, 0.0780773457142857, 0.2857142857142857, 0]

Expect=0  Output=0
[0.056022408571428574, 0.569514238095238, 0.34348165523809515, 0.7105064255760716, 0.07092198571428572, 0.503867717142857, 0.08214387333333331, 0.06349206380952381, 0]

Expect=0  Output=0
[0.33613445333333336, 0.5455850685714286, 0.6869633095238096, 0.0, 0.0, 0.39457809904761904, 0.06872433047619048, 0.7142857142857143, 0]

Expect=0  Output=0
[0.11204481809523809, 0.5360134000000001, 0.6088992971428572, 0.7558578990713746, 0.15760441333333333, 0.559222198095238, 0.03944532571428572, 0.047619047619047616, 0]

Expect=0  Output=0
[0.056022408571428574, 0.5934434076190476, 0.5776736923809523, 0.5442176879300291, 0.0, 0.39457809904761904, 0.008946362857142856, 0.14285714285714285, 0]

Expect=0  Output=0
[0.44817927142857145, 0.5264417323809523, 0.5932864952380952, 0.0, 0.0, 0.39457809904761904, 0.0646578019047619, 0.5873015876190476, 0]

Expect=1  Output=0
[0.16806722666666668, 0.6173725771428571, 0.7181889152380951, 0.7407407412396069, 0.1744906, 0.5166418285714286, 0.3619210276190476, 0.17460317428571429, 1]

Expect=0  Output=0
[0.33613445333333336, 0.521655898095238, 0.4683840752380952, 0.4081632659475218, 0.0, 0.35483642000000004, 0.05205156380952381, 0.09523809523809523, 0]

Expect=1  Output=0
[0.056022408571428574, 0.8279492704761905, 0.5776736923809523, 0.0, 0.0, 0.5223192104761905, 0.004066528571428572, 0.26984126952380955, 1]

Expect=0  Output=0
[0.056022408571428574, 0.4450825552380952, 0.4371584695238095, 0.16628873764604252, 0.0, 0.31935277809523804, 0.13785531333333334, 0.01587301619047619, 0]

Expect=0  Output=0
[0.22408963619047617, 0.6269442447619048, 0.5308352847619047, 0.31746031746031744, 0.1868738038095238, 0.4698034209523809, 0.03334553333333333, 0.11111111142857141, 0]

Expect=1  Output=0
[0.22408963619047617, 0.631730079047619, 0.0, 0.0, 0.0, 0.4669647295238095, 0.09109023619047618, 0.03174603142857143, 1]

Expect=0  Output=0
[0.44817927142857145, 0.47858339333333333, 0.5932864952380952, 0.0, 0.0, 0.549286779047619, 0.04554511809523809, 0.3333333333333333, 0]

Expect=0  Output=0
[0.056022408571428574, 0.47379755904761905, 0.5620608895238095, 0.4535147394428247, 0.020263424761904764, 0.5478674333333333, 0.13582204857142857, 0.0, 0]

Expect=0  Output=0
[0.056022408571428574, 0.7848767647619047, 0.6401249028571427, 0.6500377927524025, 0.07542496857142857, 0.46554538380952376, 0.10694969714285714, 0.46031745999999996, 0]

Expect=0  Output=0
[0.11204481809523809, 0.46901172571428573, 0.4683840752380952, 0.2569916861332469, 0.13508949714285712, 0.49251295142857143, 0.04879834095238095, 0.01587301619047619, 0]

Expect=0  Output=0
[0.0, 0.7274467571428571, 0.6401249028571427, 0.589569161425332, 0.306202859047619, 0.5890284580952382, 0.0780773457142857, 0.09523809523809523, 0]

Expect=1  Output=0
[0.44817927142857145, 0.6843742523809524, 0.5152224828571429, 0.0, 0.0, 0.4953516428571428, 0.020739295238095236, 0.31746031714285716, 1]

Expect=0  Output=0
[0.33613445333333336, 0.47379755904761905, 0.4683840752380952, 0.28722600179678215, 0.06079027333333333, 0.38180398857142855, 0.17038754, 0.17460317428571429, 0]

Expect=0  Output=0
[0.056022408571428574, 0.6843742523809524, 0.6713505076190476, 0.4535147394428247, 0.37149611619047623, 0.4272230504761904, 0.33101541238095233, 0.03174603142857143, 0]

Expect=0  Output=0
[0.33613445333333336, 0.4402967219047618, 0.48399687714285716, 0.4837490551063599, 0.14184397142857144, 0.4541906180952381, 0.0028465695238095237, 0.3968253971428572, 0]

Expect=0  Output=0
[0.16806722666666668, 0.40201005047619043, 0.5308352847619047, 0.4535147394428247, 0.11932905523809523, 0.4527712723809524, 0.2086129076190476, 0.06349206380952381, 0]

Expect=0  Output=0
[0.056022408571428574, 0.42115338571428573, 0.48399687714285716, 0.3628117909556203, 0.04953281523809523, 0.42438435904761906, 0.13988857714285713, 0.03174603142857143, 0]

Expect=0  Output=0
[0.11204481809523809, 0.4546542238095238, 0.42154566761904766, 0.2116402111413454, 0.09906563142857143, 0.3704492228571428, 0.2724574028571428, 0.01587301619047619, 0]

Expect=1  Output=0
[0.44817927142857145, 0.47858339333333333, 0.5776736923809523, 0.6046863192570996, 0.24203534857142855, 0.559222198095238, 0.2370786057142857, 0.3492063495238096, 1]

Expect=0  Output=0
[0.056022408571428574, 0.5312275666666666, 0.48399687714285716, 0.19652305330957778, 0.2048857371428571, 0.3406429638095238, 0.024399170476190474, 0.03174603142857143, 0]

Expect=0  Output=0
[0.056022408571428574, 0.521655898095238, 0.2966432476190476, 0.27210884396501456, 0.13508949714285712, 0.32786885238095237, 0.13378878476190476, 0.07936507904761904, 0]

Expect=1  Output=0
[0.33613445333333336, 0.0, 0.5308352847619047, 0.6198034770888672, 0.0, 0.5535448161904762, 0.26391769333333337, 0.31746031714285716, 1]

Expect=0  Output=0
[0.6162464990476191, 0.4929408952380952, 0.5308352847619047, 0.6046863192570996, 0.0, 0.6557377047619047, 0.01951933619047619, 0.3333333333333333, 0]

Expect=0  Output=0
[0.056022408571428574, 0.42115338571428573, 0.6088992971428572, 0.43839758161105713, 0.08555668095238095, 0.4541906180952381, 0.11670936476190476, 0.12698412666666667, 0]

Expect=1  Output=0
[0.0, 0.8614501076190475, 0.7025761123809523, 0.39304610811575424, 0.10131712285714285, 0.5180611733333333, 0.09597007047619047, 0.2222222219047619, 1]

Expect=1  Output=0
[0.33613445333333336, 0.5982292419047619, 0.5932864952380952, 0.0, 0.0, 0.47973884000000006, 0.017486072380952383, 0.5238095238095238, 1]

Expect=0  Output=0
[0.056022408571428574, 0.41636755238095235, 0.5308352847619047, 0.5139833707698952, 0.08668242666666666, 0.5336739761904762, 0.1313488676190476, 0.047619047619047616, 0]

Expect=1  Output=0
[0.0, 0.9475951180952381, 0.5152224828571429, 0.4837490551063599, 0.30845435142857136, 0.5861897666666667, 0.17242080476190477, 0.11111111142857141, 1]

Expect=1  Output=0
[0.5042016809523809, 0.6221584114285714, 0.5464480876190476, 0.0, 0.0, 0.48541622285714286, 0.23341873047619044, 0.38095238095238093, 1]

Expect=0  Output=0
[0.056022408571428574, 0.5168700647619047, 0.6869633095238096, 0.28722600179678215, 0.0, 0.38464267999999996, 0.1309422142857143, 0.047619047619047616, 0]

Expect=0  Output=0
[0.33613445333333336, 0.5886575733333334, 0.5620608895238095, 0.6802721099125364, 0.2589215352380952, 0.4769001485714286, 0.26635761047619044, 0.20634920666666665, 0]

Expect=0  Output=0
[0.11204481809523809, 0.6221584114285714, 0.74941452, 0.0, 0.0, 0.3207721238095238, 0.07726403999999999, 0.0, 0]

Expect=1  Output=0
[0.16806722666666668, 0.6125867428571428, 0.5620608895238095, 0.3779289502839866, 0.21389170285714285, 0.45986800095238095, 0.1915334876190476, 0.09523809523809523, 1]

Expect=0  Output=0
[0.056022408571428574, 0.4402967219047618, 0.48399687714285716, 0.3779289502839866, 0.04615557809523809, 0.2767724076190476, 0.1642877476190476, 0.06349206380952381, 0]

Expect=1  Output=0
[0.16806722666666668, 0.7800909304761905, 0.5464480876190476, 0.27210884396501456, 0.11820330952380952, 0.4485132352380952, 0.07726403999999999, 0.11111111142857141, 1]

Expect=1  Output=0
[0.11204481809523809, 0.9428092847619048, 0.5464480876190476, 1.4965986403109814, 0.0, 0.49251295142857143, 0.2021064619047619, 0.6507936504761904, 1]

Expect=1  Output=0
[0.0, 0.899736779047619, 0.6401249028571427, 0.2116402111413454, 0.20826297428571428, 0.4541906180952381, 0.24561831523809524, 0.01587301619047619, 1]

Expect=0  Output=0
[0.056022408571428574, 0.46422589142857146, 0.5464480876190476, 0.6046863192570996, 0.0, 0.5407707047619047, 0.056931398095238096, 0.14285714285714285, 0]

Expect=0  Output=0
[0.22408963619047617, 0.9045226133333334, 0.8587041371428571, 0.46863189727459237, 0.0, 0.40451351904761906, 0.2448050095238095, 0.25396825428571423, 0]

Expect=1  Output=0
[0.16806722666666668, 0.631730079047619, 0.6245120999999999, 0.0, 0.0, 0.4882549142857142, 0.13175552, 0.36507936476190467, 1]

Expect=1  Output=0
[0.11204481809523809, 0.5647284038095237, 0.6245120999999999, 0.0, 0.0, 0.6088992971428572, 0.25009149714285717, 0.0, 1]

Expect=1  Output=0
[0.5602240895238094, 0.43072505428571434, 0.6635441057142856, 0.4837490551063599, 0.0, 0.4953516428571428, 0.3037696714285714, 0.5555555552380952, 1]

Expect=1  Output=0
[0.0, 0.5790859057142856, 0.5152224828571429, 0.4535147394428247, 0.18574805809523812, 0.4868355685714286, 0.05083160476190476, 0.19047619047619047, 1]

Expect=0  Output=0
[0.056022408571428574, 0.5934434076190476, 0.4683840752380952, 0.4837490551063599, 0.0, 0.5081257542857143, 0.1773006380952381, 0.0, 0]

Expect=0  Output=0
[0.22408963619047617, 0.7370184257142857, 0.5620608895238095, 0.43839758161105713, 0.14184397142857144, 0.44425519809523806, 0.10572973809523808, 0.25396825428571423, 0]

Expect=0  Output=0
[0.0, 0.4355108876190476, 0.6245120999999999, 0.0, 0.0, 0.45986800095238095, 0.2126794352380952, 0.09523809523809523, 0]

Expect=1  Output=0
[0.5042016809523809, 0.6939459199999999, 0.6869633095238096, 0.5139833707698952, 0.18574805809523812, 0.4300617419047619, 0.28181041809523805, 0.5079365076190475, 1]

Expect=0  Output=0
[0.6162464990476191, 0.40679588380952375, 0.5776736923809523, 0.0, 0.0, 0.4272230504761904, 0.09027693047619047, 0.2222222219047619, 0]

Expect=0  Output=0
[0.11204481809523809, 0.3924383828571429, 0.4059328647619047, 0.33257747529208503, 0.1294607676190476, 0.40451351904761906, 0.6591842542857144, 0.06349206380952381, 0]

Expect=0  Output=0
[0.16806722666666668, 0.5312275666666666, 0.4527712723809524, 0.46863189727459237, 0.04953281523809523, 0.4187069761904762, 0.14314179999999999, 0.01587301619047619, 0]

Expect=1  Output=0
[0.6722689076190476, 0.40201005047619043, 0.5620608895238095, 0.46863189727459237, 0.0, 0.42154566761904766, 0.08905697238095237, 0.3968253971428572, 1]

Accuracy : 65.78947368421053