Expect=0  Output=1
[0.6722689076190476, 0.42115338571428573, 0.5776736923809523, 0.3848003847619047, 0.06079027333333333, 0.5010290257142858, 0.12199585238095238, 0.42857142857142855, 0]

Expect=1  Output=1
[0.7843137257142857, 0.47858339333333333, 0.6088992971428572, 0.24050024095238096, 0.20713722857142855, 0.519480519047619, 0.13582204857142857, 0.3968253971428572, 1]

Expect=0  Output=1
[0.16806722666666668, 0.45944005714285713, 0.4371584695238095, 0.32708032666666664, 0.1294607676190476, 0.3505783838095238, 0.3521613599999999, 0.2857142857142857, 0]

Expect=0  Output=1
[0.056022408571428574, 0.47858339333333333, 0.5152224828571429, 0.2789802790476191, 0.22064617809523807, 0.4541906180952381, 0.14883494, 0.3333333333333333, 0]

Expect=0  Output=1
[0.16806722666666668, 0.47858339333333333, 0.5308352847619047, 0.22126022095238093, 0.09118541047619047, 0.4485132352380952, 0.3541946238095238, 0.11111111142857141, 0]

Expect=1  Output=1
[0.056022408571428574, 0.6125867428571428, 0.37470726, 0.4329004333333333, 0.21839468666666667, 0.5748350009523809, 0.21755926952380952, 0.047619047619047616, 1]

Expect=0  Output=1
[0.0, 0.4450825552380952, 0.7806401247619047, 0.3751803752380952, 0.0810536980952381, 0.6159960257142857, 0.3834736285714285, 0.2222222219047619, 0]

Expect=1  Output=1
[0.0, 0.6125867428571428, 0.5308352847619047, 0.18278018285714284, 0.20263424476190475, 0.4329004333333333, 0.53393518, 0.06349206380952381, 1]

Expect=0  Output=1
[0.056022408571428574, 0.5982292419047619, 0.5464480876190476, 0.23088023047619044, 0.12383203904761904, 0.34490100095238097, 0.05815135619047619, 0.06349206380952381, 0]

Expect=0  Output=1
[0.0, 0.789662599047619, 0.5932864952380952, 0.4136604133333333, 0.2870651809523809, 0.6798665819047618, 0.07360416380952381, 0.07936507904761904, 0]

Expect=1  Output=1
[0.2801120447619047, 0.5503709019047619, 0.7650273228571429, 0.0, 0.0, 0.7508338657142858, 0.0532715219047619, 0.11111111142857141, 1]

Expect=1  Output=1
[0.0, 0.5934434076190476, 0.5464480876190476, 0.19240019238095235, 0.0, 0.3889007171428571, 0.07157089999999999, 0.23809523809523808, 1]

Expect=1  Output=1
[0.11204481809523809, 0.6125867428571428, 0.6088992971428572, 0.3559403561904762, 0.2048857371428571, 0.61457668, 0.4660241552380952, 0.15873015904761903, 1]

Expect=1  Output=1
[0.16806722666666668, 0.8710217752380952, 0.5776736923809523, 0.0, 0.0, 0.4329004333333333, 0.10857630857142857, 0.12698412666666667, 1]

Expect=0  Output=1
[0.056022408571428574, 0.41636755238095235, 0.4683840752380952, 0.3559403561904762, 0.08443093523809522, 0.5279965933333333, 0.17526737428571426, 0.01587301619047619, 0]

Expect=0  Output=1
[0.11204481809523809, 0.5025125628571429, 0.4527712723809524, 0.3848003847619047, 0.10582010571428571, 0.4953516428571428, 0.059777967619047606, 0.06349206380952381, 0]

Expect=1  Output=1
[0.33613445333333336, 0.9284517828571429, 0.6088992971428572, 0.0, 0.0, 0.33354623523809523, 0.020739295238095236, 0.6031746028571427, 1]

Expect=0  Output=1
[0.0, 0.40201005047619043, 0.49960968, 0.21164021142857142, 0.07429922285714285, 0.5081257542857143, 0.18990687619047616, 0.0, 0]

Expect=0  Output=1
[0.22408963619047617, 0.7035175876190476, 0.5776736923809523, 0.24050024095238096, 0.329843520952381, 0.4953516428571428, 0.1248424219047619, 0.14285714285714285, 0]

Expect=0  Output=1
[0.056022408571428574, 0.5120842304761904, 0.5620608895238095, 0.28860028857142855, 0.09231115619047618, 0.4371584695238095, 0.30214305999999996, 0.047619047619047616, 0]

Expect=0  Output=1
[0.16806722666666668, 0.5551567361904761, 0.0, 0.0, 0.0, 0.33354623523809523, 0.04432516, 0.03174603142857143, 0]

Expect=1  Output=1
[0.11204481809523809, 0.488155060952381, 0.6713505076190476, 0.34632034666666667, 0.13508949714285712, 0.6458022847619048, 0.01992598952380952, 0.03174603142857143, 1]

Expect=0  Output=1
[0.0, 0.5025125628571429, 0.5308352847619047, 0.21164021142857142, 0.0, 0.28386913619047616, 0.06425114857142857, 0.01587301619047619, 0]

Expect=1  Output=1
[0.7282913161904762, 0.7274467571428571, 0.7025761123809523, 0.31746031714285716, 0.03264662857142857, 0.38038464285714285, 0.2655443047619047, 0.3492063495238096, 1]

Expect=1  Output=1
[0.056022408571428574, 0.58387174, 0.49960968, 0.30784030761904757, 0.17561634571428572, 0.49819033428571424, 0.2496848438095238, 0.14285714285714285, 1]

Expect=0  Output=1
[0.0, 0.48336922666666665, 0.49960968, 0.1635401638095238, 0.0, 0.29806259333333335, 0.07075759428571428, 0.0, 0]

Expect=0  Output=1
[0.16806722666666668, 0.3924383828571429, 0.5464480876190476, 0.0, 0.0, 0.29948193904761905, 0.1264690333333333, 0.06349206380952381, 0]

Expect=1  Output=1
[0.39215686285714285, 0.5072983971428572, 0.4683840752380952, 0.23088023047619044, 0.0, 0.3761266057142857, 0.08865031904761905, 0.12698412666666667, 1]

Expect=0  Output=1
[0.0, 0.46901172571428573, 0.6401249028571427, 0.14430014476190475, 0.0945626476190476, 0.35767511142857145, 0.08987027809523808, 0.01587301619047619, 0]

Expect=0  Output=1
[0.2801120447619047, 0.756161760952381, 0.5464480876190476, 0.0, 0.0, 0.4229650133333333, 0.052458216190476185, 0.6666666666666666, 0]

Expect=0  Output=1
[0.0, 0.5647284038095237, 0.49960968, 0.22126022095238093, 0.10019137714285713, 0.0, 0.6721971457142857, 0.0, 0]

Expect=1  Output=1
[0.5602240895238094, 0.7705192628571428, 0.5308352847619047, 0.22126022095238093, 0.14859844666666666, 0.36193314857142855, 0.10084990476190475, 0.41269841238095234, 1]

Expect=0  Output=1
[0.056022408571428574, 0.4546542238095238, 0.5776736923809523, 0.2020202019047619, 0.0821794438095238, 0.36761053142857136, 0.24195843999999997, 0.23809523809523808, 0]

Expect=0  Output=1
[0.2801120447619047, 0.58387174, 0.6713505076190476, 0.0, 0.0, 0.49251295142857143, 0.0862104019047619, 0.19047619047619047, 0]

Expect=0  Output=1
[0.056022408571428574, 0.4546542238095238, 0.4683840752380952, 0.17316017333333333, 0.06529325714285714, 0.3392236180952381, 0.07401081714285714, 0.01587301619047619, 0]

Expect=0  Output=1
[0.5042016809523809, 0.34458004285714283, 0.6088992971428572, 0.24050024095238096, 0.0, 0.4485132352380952, 0.08214387333333331, 0.26984126952380955, 0]

Expect=1  Output=1
[0.39215686285714285, 0.7705192628571428, 0.6713505076190476, 0.0, 0.0, 0.43148108761904763, 0.03537879714285714, 0.41269841238095234, 1]

Expect=0  Output=1
[0.16806722666666668, 0.2919358695238095, 0.6401249028571427, 0.26936026952380954, 0.0, 0.4882549142857142, 0.06709771904761905, 0.3968253971428572, 0]

Expect=1  Output=1
[0.11204481809523809, 0.5168700647619047, 0.6245120999999999, 0.0, 0.0, 0.38322333428571426, 0.07360416380952381, 0.4920634923809524, 1]

Expect=0  Output=1
[0.16806722666666668, 0.38765254857142856, 0.6713505076190476, 0.15392015428571426, 0.07429922285714285, 0.3903200628571428, 0.09271684761904762, 0.01587301619047619, 0]

Expect=0  Output=1
[0.2801120447619047, 0.47379755904761905, 0.42154566761904766, 0.26936026952380954, 0.0934369019047619, 0.4825775314285714, 0.1712008457142857, 0.14285714285714285, 0]

Expect=1  Output=1
[0.39215686285714285, 0.521655898095238, 0.6245120999999999, 0.2982202980952381, 0.0, 0.5095451, 0.4265788295238095, 0.3492063495238096, 1]

Expect=0  Output=1
[0.056022408571428574, 0.521655898095238, 0.4683840752380952, 0.07696007714285713, 0.2048857371428571, 0.3605138028571428, 0.3533813180952381, 0.0, 0]

Expect=0  Output=1
[0.056022408571428574, 0.569514238095238, 0.42154566761904766, 0.12506012476190476, 0.05628729047619048, 0.31651408666666664, 0.05164491047619047, 0.047619047619047616, 0]

Expect=0  Output=1
[0.33613445333333336, 0.5025125628571429, 0.5464480876190476, 0.30784030761904757, 0.07655071523809523, 0.4371584695238095, 0.017892724761904764, 0.25396825428571423, 0]

Expect=1  Output=1
[0.056022408571428574, 0.8614501076190475, 0.0, 0.0, 0.0, 0.61457668, 0.08295717904761905, 0.31746031714285716, 1]

Expect=0  Output=1
[0.056022408571428574, 0.6221584114285714, 0.5464480876190476, 0.12506012476190476, 0.11820330952380952, 0.36761053142857136, 0.16022121904761905, 0.01587301619047619, 0]

Expect=1  Output=1
[0.11204481809523809, 0.741804259047619, 0.5776736923809523, 0.1635401638095238, 0.10807159714285713, 0.3775459514285714, 0.14436175809523807, 0.09523809523809523, 1]

Expect=1  Output=1
[0.11204481809523809, 0.6891600857142857, 0.4527712723809524, 0.31746031714285716, 0.1519756838095238, 0.4485132352380952, 0.13988857714285713, 0.06349206380952381, 1]

Expect=0  Output=1
[0.056022408571428574, 0.0, 0.5308352847619047, 0.3367003371428571, 0.0, 0.4541906180952381, 0.1264690333333333, 0.01587301619047619, 0]

Expect=0  Output=0
[0.2801120447619047, 0.4929408952380952, 0.8430913352380953, 0.3559403561904762, 0.0, 0.5563835076190476, 0.09231019523809524, 0.698412698095238, 0]

Expect=1  Output=1
[0.0, 0.5120842304761904, 0.48399687714285716, 0.28860028857142855, 0.08330518952380953, 0.519480519047619, 0.276117279047619, 0.06349206380952381, 1]

Expect=0  Output=1
[0.056022408571428574, 0.43072505428571434, 0.48399687714285716, 0.17316017333333333, 0.06641900285714285, 0.3562557657142857, 0.48391687999999994, 0.06349206380952381, 0]

Expect=1  Output=1
[0.11204481809523809, 0.5934434076190476, 0.5308352847619047, 0.26936026952380954, 0.23077789047619046, 0.4669647295238095, 0.3241023142857143, 0.14285714285714285, 1]

Expect=0  Output=1
[0.33613445333333336, 0.6556592485714284, 0.47619047619047616, 0.0, 0.0, 0.34348165523809515, 0.02968565714285714, 0.53968254, 0]

Expect=0  Output=1
[0.22408963619047617, 0.4402967219047618, 0.6245120999999999, 0.0, 0.0, 0.5989638780952381, 0.0646578019047619, 0.12698412666666667, 0]

Expect=0  Output=1
[0.0, 0.5599425695238095, 0.0, 0.0, 0.0, 0.47973884000000006, 0.3472815257142857, 0.36507936476190467, 0]

Expect=0  Output=1
[0.11204481809523809, 0.41636755238095235, 0.4527712723809524, 0.15392015428571426, 0.058538781904761895, 0.46412603809523806, 0.03578544952380953, 0.06349206380952381, 0]

Expect=0  Output=1
[0.056022408571428574, 0.43072505428571434, 0.48399687714285716, 0.11544011523809522, 0.04840706952380952, 0.3860620257142857, 0.2041397257142857, 0.047619047619047616, 0]

Expect=0  Output=1
[0.11204481809523809, 0.6078009095238095, 0.4527712723809524, 0.23088023047619044, 0.3095800971428571, 0.3931587542857143, 0.6189256228571428, 0.06349206380952381, 0]

Expect=1  Output=1
[0.16806722666666668, 0.5360134000000001, 0.5776736923809523, 0.28860028857142855, 0.0, 0.4485132352380952, 0.04839168761904762, 0.06349206380952381, 1]

Expect=0  Output=1
[0.44817927142857145, 0.5647284038095237, 0.5620608895238095, 0.18278018285714284, 0.0, 0.32786885238095237, 0.5685006714285714, 0.3968253971428572, 0]

Expect=0  Output=1
[0.16806722666666668, 0.47379755904761905, 0.48399687714285716, 0.18278018285714284, 0.08330518952380953, 0.309417359047619, 0.08173722095238095, 0.07936507904761904, 0]

Expect=0  Output=1
[0.056022408571428574, 0.6652309161904763, 0.3590944571428571, 0.18278018285714284, 0.0934369019047619, 0.40735221047619047, 0.2342320361904762, 0.01587301619047619, 0]

Expect=0  Output=1
[0.056022408571428574, 0.6269442447619048, 0.49960968, 0.13468013428571426, 0.46718450952380947, 0.3363849266666666, 0.1264690333333333, 0.0, 0]

Expect=0  Output=1
[0.6722689076190476, 0.5072983971428572, 0.6245120999999999, 0.0, 0.0, 0.33496558095238094, 0.023992517142857137, 0.36507936476190467, 0]

Expect=1  Output=1
[0.0, 0.7992342666666666, 0.0, 0.0, 0.0, 0.4584486552380952, 0.3094628114285714, 0.14285714285714285, 1]

Expect=0  Output=1
[0.22408963619047617, 0.6556592485714284, 0.6557377047619047, 0.0, 0.0, 0.44283585238095236, 0.07075759428571428, 0.14285714285714285, 0]

Expect=0  Output=1
[0.22408963619047617, 0.5551567361904761, 0.5620608895238095, 0.11544011523809522, 0.09793988476190477, 0.31367539523809523, 0.1565613438095238, 0.25396825428571423, 0]

Expect=0  Output=1
[0.44817927142857145, 0.4546542238095238, 0.5620608895238095, 0.0, 0.0, 0.5223192104761905, 0.16550770571428575, 0.5714285714285714, 0]

Expect=1  Output=1
[0.056022408571428574, 0.569514238095238, 0.6713505076190476, 0.3751803752380952, 0.24766407714285715, 0.6472216304761904, 0.2968565733333333, 0.12698412666666667, 1]

Expect=1  Output=1
[0.11204481809523809, 0.6987317542857143, 0.5464480876190476, 0.3655603657142857, 0.40526849047619046, 0.3974167904761905, 0.10532308571428571, 0.12698412666666667, 1]

Expect=0  Output=1
[0.44817927142857145, 0.6030150752380952, 0.6869633095238096, 0.34632034666666667, 0.12158054666666666, 0.5464480876190476, 0.11020291999999998, 0.44444444476190476, 0]

Expect=0  Output=1
[0.16806722666666668, 0.43072505428571434, 0.6088992971428572, 0.0, 0.0, 0.6060606057142857, 0.19560001619047618, 0.0, 0]

Expect=0  Output=1
[0.11204481809523809, 0.58387174, 0.4059328647619047, 0.4136604133333333, 0.17786783714285712, 0.5138031371428571, 0.3001097961904762, 0.11111111142857141, 0]

Expect=1  Output=1
[0.0, 0.6987317542857143, 0.5464480876190476, 0.0, 0.0, 0.5379320133333333, 0.10410312761904762, 0.11111111142857141, 1]

Accuracy : 35.526315789473685