Expect=1  Output=0
[0.11204481809523809, 0.4450825552380952, 0.49960968, 0.30784030761904757, 0.18011932952380955, 0.5393513590476191, 0.2423650933333333, 0.03174603142857143, 1]

Expect=1  Output=0
[0.33613445333333336, 0.5982292419047619, 0.6088992971428572, 0.2982202980952381, 0.0, 0.3917394085714285, 0.19803993333333333, 0.44444444476190476, 1]

Expect=0  Output=0
[0.22408963619047617, 0.6078009095238095, 0.6869633095238096, 0.10582010571428571, 0.1744906, 0.48967426, 0.21145947714285715, 0.11111111142857141, 0]

Expect=0  Output=0
[0.16806722666666668, 0.5168700647619047, 0.48399687714285716, 0.23088023047619044, 0.0, 0.3690298771428571, 0.058964661904761906, 0.06349206380952381, 0]

Expect=1  Output=0
[0.0, 0.7753050971428571, 0.5932864952380952, 0.34632034666666667, 0.0, 0.703995458095238, 0.11630271238095238, 0.07936507904761904, 1]

Expect=1  Output=0
[0.11204481809523809, 0.8327351038095238, 0.6869633095238096, 0.3559403561904762, 0.13508949714285712, 0.6316088285714286, 0.2309788133333333, 0.047619047619047616, 1]

Expect=0  Output=0
[0.39215686285714285, 0.6556592485714284, 0.7025761123809523, 0.39442039428571424, 0.0, 0.4541906180952381, 0.12728233904761904, 0.2857142857142857, 0]

Expect=0  Output=0
[0.2801120447619047, 0.5790859057142856, 0.5620608895238095, 0.22126022095238093, 0.12608353047619048, 0.3718685685714286, 0.06791102476190476, 0.14285714285714285, 0]

Expect=1  Output=0
[0.22408963619047617, 0.5982292419047619, 0.6245120999999999, 0.0, 0.0, 0.4584486552380952, 0.18624700095238098, 0.09523809523809523, 1]

Expect=1  Output=0
[0.5602240895238094, 0.6173725771428571, 0.48399687714285716, 0.34632034666666667, 0.0, 0.584770420952381, 0.14761498095238093, 0.26984126952380955, 1]

Expect=0  Output=0
[0.056022408571428574, 0.521655898095238, 0.4527712723809524, 0.17316017333333333, 0.13058651333333335, 0.40451351904761906, 0.05733805047619047, 0.01587301619047619, 0]

Expect=1  Output=0
[0.5602240895238094, 0.5503709019047619, 0.0, 0.0, 0.0, 0.0, 0.07441746952380952, 0.14285714285714285, 1]

Expect=1  Output=0
[0.5042016809523809, 0.7848767647619047, 0.6088992971428572, 0.0, 0.0, 0.46554538380952376, 0.028465699047619048, 0.38095238095238093, 1]

Expect=0  Output=0
[0.22408963619047617, 0.5264417323809523, 0.5932864952380952, 0.19240019238095235, 0.11257458095238096, 0.40309417333333336, 0.016266113333333332, 0.09523809523809523, 0]

Expect=0  Output=0
[0.056022408571428574, 0.5312275666666666, 0.7338017171428571, 0.0, 0.0, 0.46554538380952376, 0.07604408095238095, 0.38095238095238093, 0]

Expect=0  Output=0
[0.056022408571428574, 0.6700167504761905, 0.5776736923809523, 0.25012025047619046, 0.20263424476190475, 0.3420623095238095, 0.30498963047619043, 0.03174603142857143, 0]

Expect=1  Output=0
[0.16806722666666668, 0.8279492704761905, 0.6088992971428572, 0.3751803752380952, 0.20826297428571428, 0.47973884000000006, 0.3627343333333333, 0.15873015904761903, 1]

Expect=0  Output=0
[0.0, 0.47379755904761905, 0.0, 0.0, 0.0, 0.35483642000000004, 0.07116424666666667, 0.01587301619047619, 0]

Expect=0  Output=0
[0.16806722666666668, 0.756161760952381, 0.49960968, 0.12506012476190476, 0.4356636276190476, 0.44283585238095236, 0.08824366666666666, 0.047619047619047616, 0]

Expect=0  Output=0
[0.0, 0.6748025847619048, 0.6557377047619047, 0.25012025047619046, 0.0, 0.45986800095238095, 0.14436175809523807, 0.01587301619047619, 0]

Expect=0  Output=0
[0.056022408571428574, 0.5072983971428572, 0.5932864952380952, 0.0, 0.0, 0.5322546304761905, 0.04839168761904762, 0.07936507904761904, 0]

Expect=0  Output=0
[0.6722689076190476, 0.47858339333333333, 0.6557377047619047, 0.31746031714285716, 0.11820330952380952, 0.4258037047619047, 0.16672766476190476, 0.3968253971428572, 0]

Expect=0  Output=0
[0.11204481809523809, 0.5025125628571429, 0.5854800933333332, 0.0, 0.0, 0.33070754380952383, 0.19600666952380952, 0.5079365076190475, 0]

Expect=1  Output=0
[0.056022408571428574, 0.488155060952381, 0.5776736923809523, 0.0, 0.0, 0.5606415438095238, 0.08743036095238095, 0.3333333333333333, 1]

Expect=0  Output=0
[0.11204481809523809, 0.43072505428571434, 0.4683840752380952, 0.0, 0.0, 0.33354623523809523, 0.045951771428571424, 0.06349206380952381, 0]

Expect=0  Output=0
[0.11204481809523809, 0.42115338571428573, 0.4527712723809524, 0.25012025047619046, 0.018011933333333334, 0.40309417333333336, 0.27977715428571426, 0.01587301619047619, 0]

Expect=0  Output=0
[0.5042016809523809, 0.42593922, 0.48399687714285716, 0.0, 0.0, 0.31935277809523804, 0.026025781904761906, 0.19047619047619047, 0]

Expect=0  Output=0
[0.5602240895238094, 0.48336922666666665, 0.5932864952380952, 0.4617604619047619, 0.20263424476190475, 0.4669647295238095, 0.03781871428571428, 0.6666666666666666, 0]

Expect=1  Output=0
[0.5042016809523809, 0.6700167504761905, 0.7338017171428571, 0.0, 0.0, 0.46412603809523806, 0.26676426380952384, 0.38095238095238093, 1]

Expect=0  Output=0
[0.33613445333333336, 0.3828667142857143, 0.6245120999999999, 0.34632034666666667, 0.0, 0.564899580952381, 0.040258631428571424, 0.11111111142857141, 0]

Expect=0  Output=0
[0.056022408571428574, 0.5455850685714286, 0.5152224828571429, 0.34632034666666667, 0.22514916095238094, 0.5407707047619047, 0.08580374952380952, 0.0, 0]

Expect=0  Output=0
[0.11204481809523809, 0.837520938095238, 0.6869633095238096, 0.0, 0.0, 0.32503016095238096, 0.10084990476190475, 0.01587301619047619, 0]

Expect=0  Output=0
[0.056022408571428574, 0.5120842304761904, 0.3903200628571428, 0.18278018285714284, 0.0, 0.4016748276190476, 0.04188524285714286, 0.12698412666666667, 0]

Expect=0  Output=0
[0.056022408571428574, 0.4450825552380952, 0.5464480876190476, 0.2982202980952381, 0.0, 0.43148108761904763, 0.09637672285714285, 0.03174603142857143, 0]

Expect=0  Output=0
[0.0, 0.6413017466666667, 0.4527712723809524, 0.19240019238095235, 0.3275920295238095, 0.37470726, 0.11142287809523808, 0.0, 0]

Expect=1  Output=0
[0.7282913161904762, 0.756161760952381, 0.8899297428571429, 0.0, 0.0, 0.6003832238095238, 0.07279085809523808, 0.36507936476190467, 1]

Expect=1  Output=0
[0.16806722666666668, 0.6221584114285714, 0.6088992971428572, 0.22126022095238093, 0.08893391904761905, 0.40309417333333336, 0.09962994571428573, 0.20634920666666665, 1]

Expect=0  Output=0
[0.16806722666666668, 0.6221584114285714, 0.49960968, 0.0, 0.0, 0.32786885238095237, 0.09597007047619047, 0.01587301619047619, 0]

Expect=0  Output=0
[0.16806722666666668, 0.488155060952381, 0.5776736923809523, 0.0, 0.0, 0.4187069761904762, 0.017486072380952383, 0.17460317428571429, 0]

Expect=0  Output=0
[0.11204481809523809, 0.6173725771428571, 0.0, 0.0, 0.0, 0.5464480876190476, 0.09190354190476191, 0.31746031714285716, 0]

Expect=0  Output=0
[0.22408963619047617, 0.3972242161904762, 0.6713505076190476, 0.18278018285714284, 0.0, 0.4158682847619047, 0.09719002857142857, 0.20634920666666665, 0]

Expect=0  Output=0
[0.056022408571428574, 0.5168700647619047, 0.4683840752380952, 0.44252044285714287, 0.20038275333333333, 0.503867717142857, 0.13704200761904764, 0.047619047619047616, 0]

Expect=0  Output=0
[0.11204481809523809, 0.5072983971428572, 0.4371584695238095, 0.25974026, 0.18574805809523812, 0.41161024761904763, 0.14151518857142856, 0.01587301619047619, 0]

Expect=1  Output=0
[0.6162464990476191, 0.5743000714285713, 0.6245120999999999, 0.3559403561904762, 0.16886187142857143, 0.6003832238095238, 0.28750355809523814, 0.42857142857142855, 1]

Expect=1  Output=0
[0.056022408571428574, 0.7035175876190476, 0.7338017171428571, 0.39442039428571424, 0.0, 0.6997374209523809, 0.11386279523809524, 0.09523809523809523, 1]

Expect=1  Output=0
[0.056022408571428574, 0.6891600857142857, 0.6401249028571427, 0.44252044285714287, 0.20263424476190475, 0.6543183590476191, 0.10450978000000001, 0.3968253971428572, 1]

Expect=0  Output=0
[0.16806722666666668, 0.488155060952381, 0.34348165523809515, 0.19240019238095235, 0.10582010571428571, 0.4371584695238095, 0.1309422142857143, 0.07936507904761904, 0]

Expect=0  Output=0
[0.2801120447619047, 0.5599425695238095, 0.6713505076190476, 0.28860028857142855, 0.11820330952380952, 0.5549641619047618, 0.07035094095238094, 0.3333333333333333, 0]

Expect=0  Output=0
[0.11204481809523809, 0.6078009095238095, 0.3590944571428571, 0.2020202019047619, 0.3771248447619048, 0.4882549142857142, 0.03985197809523809, 0.01587301619047619, 0]

Expect=0  Output=0
[0.22408963619047617, 0.5647284038095237, 0.5464480876190476, 0.0, 0.0, 0.6316088285714286, 0.33589524666666665, 0.07936507904761904, 0]

Expect=1  Output=0
[0.33613445333333336, 0.7753050971428571, 0.48399687714285716, 0.0, 0.0, 0.34490100095238097, 0.040665283809523806, 0.46031745999999996, 1]

Expect=0  Output=0
[0.11204481809523809, 0.47379755904761905, 0.4683840752380952, 0.1635401638095238, 0.18011932952380955, 0.519480519047619, 0.15249481523809522, 0.0, 0]

Expect=0  Output=0
[0.11204481809523809, 0.5790859057142856, 0.5464480876190476, 0.30784030761904757, 0.10694585142857142, 0.5549641619047618, 0.3285754952380952, 0.03174603142857143, 0]

Expect=0  Output=0
[0.7282913161904762, 0.7322325914285713, 0.6869633095238096, 0.3559403561904762, 0.15760441333333333, 0.5762543466666666, 0.4456915133333333, 0.2857142857142857, 0]

Expect=0  Output=0
[0.22408963619047617, 0.4546542238095238, 0.4683840752380952, 0.30784030761904757, 0.0, 0.5024483714285713, 0.08377048476190477, 0.11111111142857141, 0]

Expect=1  Output=0
[0.2801120447619047, 0.46422589142857146, 0.5932864952380952, 0.25974026, 0.0, 0.5052870628571429, 0.12199585238095238, 0.4920634923809524, 1]

Expect=1  Output=0
[0.056022408571428574, 0.7130892561904761, 0.5308352847619047, 0.2789802790476191, 0.14296971714285714, 0.4158682847619047, 0.11020291999999998, 0.3333333333333333, 1]

Expect=0  Output=0
[0.22408963619047617, 0.5360134000000001, 0.6088992971428572, 0.3848003847619047, 0.0, 0.559222198095238, 0.06425114857142857, 0.26984126952380955, 0]

Expect=1  Output=0
[0.16806722666666668, 0.8949509447619047, 0.5464480876190476, 0.21164021142857142, 0.22514916095238094, 0.5166418285714286, 0.13419543714285714, 0.23809523809523808, 1]

Expect=0  Output=0
[0.0, 0.6030150752380952, 0.6713505076190476, 0.25974026, 0.13508949714285712, 0.3889007171428571, 0.17770729142857145, 0.0, 0]

Expect=1  Output=0
[0.056022408571428574, 0.8040201009523809, 0.6869633095238096, 0.2789802790476191, 0.0, 0.49677098857142854, 0.336301899047619, 0.4920634923809524, 1]

Expect=1  Output=0
[0.39215686285714285, 0.6173725771428571, 0.5308352847619047, 0.4713804714285714, 0.1407182257142857, 0.5464480876190476, 0.14680167523809526, 0.3492063495238096, 1]

Expect=1  Output=0
[0.39215686285714285, 0.6795884180952382, 0.7025761123809523, 0.23088023047619044, 0.5403579876190476, 0.43148108761904763, 0.020332641904761903, 0.3492063495238096, 1]

Expect=0  Output=0
[0.056022408571428574, 0.5551567361904761, 0.6088992971428572, 0.2789802790476191, 0.20263424476190475, 0.5123837914285714, 0.1699808876190476, 0.06349206380952381, 0]

Expect=1  Output=0
[0.44817927142857145, 0.5743000714285713, 0.6713505076190476, 0.0, 0.0, 0.40309417333333336, 0.07360416380952381, 0.01587301619047619, 1]

Expect=0  Output=0
[0.11204481809523809, 0.4402967219047618, 0.4059328647619047, 0.0, 0.0, 0.4272230504761904, 0.025619128571428573, 0.01587301619047619, 0]

Expect=0  Output=0
[0.11204481809523809, 0.58387174, 0.5932864952380952, 0.25974026, 0.22514916095238094, 0.5095451, 0.1646944, 0.07936507904761904, 0]

Expect=0  Output=0
[0.2801120447619047, 0.6030150752380952, 0.6088992971428572, 0.25974026, 0.024766407619047616, 0.42012632190476185, 0.14680167523809526, 0.3015873019047619, 0]

Expect=0  Output=0
[0.5602240895238094, 0.4498683895238095, 0.5620608895238095, 0.17316017333333333, 0.0, 0.32786885238095237, 0.21023951809523808, 0.5555555552380952, 0]

Expect=0  Output=0
[0.11204481809523809, 0.58387174, 0.5464480876190476, 0.25974026, 0.0, 0.5223192104761905, 0.1065430438095238, 0.09523809523809523, 0]

Expect=1  Output=0
[0.39215686285714285, 0.8949509447619047, 0.3903200628571428, 0.31746031714285716, 0.44129235619047613, 0.48115818571428565, 0.30417632476190476, 0.20634920666666665, 1]

Expect=0  Output=0
[0.056022408571428574, 0.5790859057142856, 0.6088992971428572, 0.3751803752380952, 0.08330518952380953, 0.5535448161904762, 0.07441746952380952, 0.11111111142857141, 0]

Expect=1  Output=0
[0.16806722666666668, 0.8088059342857142, 0.5776736923809523, 0.18278018285714284, 0.1407182257142857, 0.42438435904761906, 0.07726403999999999, 0.15873015904761903, 1]

Expect=0  Output=0
[0.44817927142857145, 0.3110792057142857, 0.5620608895238095, 0.22126022095238093, 0.0, 0.4541906180952381, 0.21227278285714285, 0.3333333333333333, 0]

Expect=0  Output=0
[0.056022408571428574, 0.38765254857142856, 0.5776736923809523, 0.39442039428571424, 0.06416751142857142, 0.6571570504761904, 0.4139725914285714, 0.17460317428571429, 0]

Expect=0  Output=0
[0.44817927142857145, 0.5120842304761904, 0.6245120999999999, 0.0, 0.0, 0.3491590380952381, 0.3163759095238095, 0.20634920666666665, 0]

Accuracy : 65.78947368421053