Expect=0  Output=0
[0.22408963619047617, 0.40679588380952375, 0.4527712723809524, 0.21164021142857142, 0.05516154476190476, 0.39457809904761904, 0.09646506314741844, 0.11111111142857141, 0]

Expect=0  Output=0
[0.39215686285714285, 0.4498683895238095, 0.49960968, 0.24050024095238096, 0.08893391904761905, 0.47264211238095233, 0.2792409718516292, 0.31746031714285716, 0]

Expect=0  Output=0
[0.11204481809523809, 0.58387174, 0.4683840752380952, 0.17316017333333333, 0.11932905523809523, 0.4229650133333333, 0.2703560319552725, 0.01587301619047619, 0]

Expect=1  Output=0
[0.0, 0.8614501076190475, 0.6088992971428572, 0.6060606057142857, 0.015760440952380952, 0.8430913352380953, 0.9908823592590861, 0.06349206380952381, 1]

Expect=1  Output=0
[0.5602240895238094, 0.7083034219047618, 0.6557377047619047, 0.4617604619047619, 0.26680175619047614, 0.5336739761904762, 0.39051426848993614, 0.47619047619047616, 1]

Expect=0  Output=0
[0.16806722666666668, 0.40201005047619043, 0.5620608895238095, 0.30784030761904757, 0.0, 0.5279965933333333, 0.07996446005809221, 0.11111111142857141, 0]

Expect=0  Output=0
[0.22408963619047617, 0.47379755904761905, 0.5308352847619047, 0.3655603657142857, 0.0, 0.46554538380952376, 0.028347189287507634, 0.19047619047619047, 0]

Expect=1  Output=0
[0.056022408571428574, 0.8662359419047619, 0.49960968, 0.28860028857142855, 0.20263424476190475, 0.48399687714285716, 0.10577309593882568, 0.26984126952380955, 1]

Expect=1  Output=0
[0.0, 0.9045226133333334, 0.8118657295238094, 0.24050024095238096, 0.0, 0.4868355685714286, 0.1510439802198278, 0.31746031714285716, 1]

Expect=0  Output=0
[0.16806722666666668, 0.47379755904761905, 0.42154566761904766, 0.18278018285714284, 0.09681413904761904, 0.36335249428571426, 0.032155021379433595, 0.047619047619047616, 0]

Expect=0  Output=0
[0.5042016809523809, 0.4355108876190476, 0.5308352847619047, 0.0, 0.0, 0.34348165523809515, 0.05161727077058458, 0.5873015876190476, 0]

Expect=1  Output=0
[0.22408963619047617, 0.5982292419047619, 0.5464480876190476, 0.17316017333333333, 0.13734098857142857, 0.41019090190476193, 0.45101647915687737, 0.38095238095238093, 1]

Expect=1  Output=0
[0.22408963619047617, 0.8805934438095236, 0.6088992971428572, 0.3751803752380952, 0.31183158857142856, 0.5251579019047619, 0.07869518335470513, 0.15873015904761903, 1]

Expect=1  Output=0
[0.16806722666666668, 0.8279492704761905, 0.6557377047619047, 0.31746031714285716, 0.5336035123809523, 0.5067064085714286, 0.07615662895704861, 0.01587301619047619, 1]

Expect=1  Output=0
[0.0, 0.6604450828571429, 0.4683840752380952, 0.3367003371428571, 0.1879995495238095, 0.49109360571428573, 0.19293012629483688, 0.0, 1]

Expect=1  Output=0
[0.44817927142857145, 0.7226609238095238, 0.6088992971428572, 0.30784030761904757, 0.23640661904761903, 0.6088992971428572, 0.1853144631018673, 0.23809523809523808, 1]

Expect=0  Output=0
[0.33613445333333336, 0.4355108876190476, 0.0, 0.0, 0.0, 0.4229650133333333, 0.17896807760316716, 0.15873015904761903, 0]

Expect=0  Output=0
[0.0, 0.40201005047619043, 0.6401249028571427, 0.2982202980952381, 0.1407182257142857, 0.5421900504761905, 0.06557931946225427, 0.03174603142857143, 0]

Expect=0  Output=0
[0.7282913161904762, 0.36372337904761903, 0.4683840752380952, 0.0, 0.0, 0.46554538380952376, 0.04315542277839618, 0.31746031714285716, 0]

Expect=1  Output=0
[0.0, 0.6939459199999999, 0.0, 0.0, 0.0, 0.6273507914285714, 0.23354699467557655, 0.15873015904761903, 1]

Expect=0  Output=0
[0.056022408571428574, 0.3685092123809523, 0.4371584695238095, 0.28860028857142855, 0.06304176476190476, 0.47264211238095233, 0.4962873644287619, 0.047619047619047616, 0]

Expect=0  Output=0
[0.056022408571428574, 0.4115817180952381, 0.5152224828571429, 0.5002405, 0.07317347714285714, 0.5861897666666667, 0.3549745089045096, 0.12698412666666667, 0]

Expect=1  Output=0
[0.056022408571428574, 0.4546542238095238, 0.6401249028571427, 0.24050024095238096, 0.20263424476190475, 0.49677098857142854, 0.06557931946225427, 0.3492063495238096, 1]

Expect=0  Output=0
[0.11204481809523809, 0.5599425695238095, 0.7025761123809523, 0.18278018285714284, 0.07992795238095238, 0.35767511142857145, 0.09942670944924321, 0.0, 0]

Expect=1  Output=0
[0.0, 0.6748025847619048, 0.0, 0.0, 0.0, 0.6018025685714286, 0.0537327322731905, 0.12698412666666667, 1]

Expect=0  Output=0
[0.33613445333333336, 0.5455850685714286, 0.0, 0.0, 0.0, 0.0, 0.04696325487032214, 0.07936507904761904, 0]

Expect=0  Output=0
[0.11204481809523809, 0.42593922, 0.7025761123809523, 0.28860028857142855, 0.0, 0.4754808038095238, 0.09054176955288656, 0.3333333333333333, 0]

Expect=0  Output=0
[0.11204481809523809, 0.38765254857142856, 0.5620608895238095, 0.14430014476190475, 0.08555668095238095, 0.4272230504761904, 0.19843032699431817, 0.06349206380952381, 0]

Expect=1  Output=0
[0.056022408571428574, 0.8231634361904762, 0.5308352847619047, 0.4713804714285714, 0.6518068219047618, 0.6018025685714286, 0.2640096464565725, 0.11111111142857141, 1]

Expect=0  Output=0
[0.44817927142857145, 0.9284517828571429, 0.6245120999999999, 0.0, 0.0, 0.3704492228571428, 0.20012269659275586, 0.7301587304761905, 0]

Expect=0  Output=0
[0.16806722666666668, 0.3828667142857143, 0.0, 0.0, 0.0, 0.0, 0.04061686838073965, 0.01587301619047619, 0]

Expect=0  Output=0
[0.056022408571428574, 0.6221584114285714, 0.4683840752380952, 0.22126022095238093, 0.1913767866666667, 0.4059328647619047, 0.25977872246047823, 0.0, 0]

Expect=0  Output=0
[0.22408963619047617, 0.47379755904761905, 0.5620608895238095, 0.1635401638095238, 0.0, 0.36335249428571426, 0.0913879543521054, 0.11111111142857141, 0]

Expect=0  Output=0
[0.5602240895238094, 0.3589375447619048, 0.6401249028571427, 0.0, 0.0, 0.47264211238095233, 0.07827209045965454, 0.26984126952380955, 0]

Expect=0  Output=0
[0.056022408571428574, 0.6652309161904763, 0.48399687714285716, 0.39442039428571424, 0.5403579876190476, 0.5776736923809523, 0.19377631109405574, 0.0, 0]

Expect=0  Output=0
[0.16806722666666668, 0.41636755238095235, 0.4683840752380952, 0.17316017333333333, 0.0, 0.309417359047619, 0.15485181231175374, 0.0, 0]

Expect=1  Output=0
[0.44817927142857145, 0.5743000714285713, 0.0, 0.0, 0.0, 0.4258037047619047, 0.04442470047266561, 0.26984126952380955, 1]

Expect=1  Output=0
[0.16806722666666668, 0.6173725771428571, 0.49960968, 0.2789802790476191, 0.1294607676190476, 0.37470726, 0.05965602586772239, 0.11111111142857141, 1]

Expect=0  Output=0
[0.11204481809523809, 0.4355108876190476, 0.48399687714285716, 0.0, 0.0, 0.3874813714285714, 0.18912229519379328, 0.01587301619047619, 0]

Expect=0  Output=0
[0.2801120447619047, 0.5264417323809523, 0.5308352847619047, 0.0, 0.0, 0.3690298771428571, 0.09054176955288656, 0.14285714285714285, 0]

Expect=0  Output=0
[0.0, 0.5312275666666666, 0.507416080952381, 0.0, 0.0, 0.3491590380952381, 0.24623976666385916, 0.15873015904761903, 0]

Expect=0  Output=0
[0.33613445333333336, 0.6173725771428571, 0.7025761123809523, 0.06734006761904761, 0.36699313333333333, 0.27819175333333335, 0.2132385604852067, 0.6190476190476191, 0]

Expect=0  Output=0
[0.11204481809523809, 0.3254367076190476, 0.5464480876190476, 0.30784030761904757, 0.07429922285714285, 0.35483642000000004, 0.04611707007110329, 0.06349206380952381, 0]

Expect=0  Output=0
[0.0, 0.5886575733333334, 0.6869633095238096, 0.3559403561904762, 0.0, 0.49960968, 0.05034799307631514, 0.12698412666666667, 0]

Expect=1  Output=0
[0.11204481809523809, 0.6413017466666667, 0.5464480876190476, 0.0, 0.0, 0.41019090190476193, 0.19631486549171223, 0.03174603142857143, 1]

Expect=0  Output=0
[0.33613445333333336, 0.7370184257142857, 0.5776736923809523, 0.30784030761904757, 0.21726894095238097, 0.4158682847619047, 0.3219733027258571, 0.2857142857142857, 0]

Expect=1  Output=0
[0.22408963619047617, 0.5599425695238095, 0.48399687714285716, 0.11544011523809522, 0.0, 0.42154566761904766, 0.12777389972763317, 0.14285714285714285, 1]

Expect=0  Output=0
[0.16806722666666668, 0.5934434076190476, 0.6245120999999999, 0.31746031714285716, 0.14634695523809524, 0.4712227666666667, 0.0960419712432502, 0.07936507904761904, 0]

Expect=1  Output=0
[0.7843137257142857, 0.837520938095238, 0.48399687714285716, 0.28860028857142855, 0.0, 0.4769001485714286, 0.05669437956589763, 0.26984126952380955, 1]

Expect=1  Output=0
[0.0, 0.4977267285714286, 0.49960968, 0.3559403561904762, 0.07204773142857143, 0.4769001485714286, 0.1827759087042108, 0.01587301619047619, 1]

Expect=1  Output=0
[0.11204481809523809, 0.5025125628571429, 0.6245120999999999, 0.4329004333333333, 0.2150174495238095, 0.4783194942857142, 0.26781747755761603, 0.12698412666666667, 1]

Expect=0  Output=0
[0.11204481809523809, 0.3972242161904762, 0.507416080952381, 0.26936026952380954, 0.07429922285714285, 0.5223192104761905, 0.2331239027714083, 0.047619047619047616, 0]

Expect=0  Output=0
[0.0, 0.6652309161904763, 0.48399687714285716, 0.1635401638095238, 0.23640661904761903, 0.31367539523809523, 0.05457891707240935, 0.0, 0]

Expect=0  Output=0
[0.0, 0.5599425695238095, 0.5152224828571429, 0.2982202980952381, 0.21164021142857142, 0.4371584695238095, 0.1755833384062918, 0.01587301619047619, 0]

Expect=0  Output=0
[0.33613445333333336, 0.7944484323809524, 0.5776736923809523, 0.0, 0.0, 0.3775459514285714, 0.0956188783481996, 0.7142857142857143, 0]

Expect=1  Output=0
[0.39215686285714285, 0.9332376161904762, 0.5464480876190476, 0.31746031714285716, 0.16323314190476187, 0.3562557657142857, 0.0359628524804772, 0.53968254, 1]

Expect=1  Output=0
[0.44817927142857145, 0.9428092847619048, 0.5776736923809523, 0.0, 0.0, 0.36761053142857136, 0.47090182144307907, 0.2857142857142857, 1]

Expect=0  Output=0
[0.0, 0.5120842304761904, 0.5932864952380952, 0.0, 0.0, 0.6429635933333332, 0.25724016806282174, 0.047619047619047616, 0]

Expect=1  Output=0
[0.22408963619047617, 0.6891600857142857, 0.6401249028571427, 0.30784030761904757, 0.0, 0.5464480876190476, 0.20139197428702527, 0.25396825428571423, 1]

Expect=0  Output=0
[0.0, 0.6078009095238095, 0.6245120999999999, 0.3559403561904762, 0.23640661904761903, 0.5152224828571429, 0.3071650692349686, 0.03174603142857143, 0]

Expect=0  Output=0
[0.16806722666666668, 0.5551567361904761, 0.5776736923809523, 0.14430014476190475, 0.11820330952380952, 0.3732879142857143, 0.012269679093232014, 0.047619047619047616, 0]

Expect=1  Output=0
[0.44817927142857145, 0.5168700647619047, 0.5464480876190476, 0.0, 0.0, 0.4329004333333333, 0.3710520190987852, 0.19047619047619047, 1]

Expect=0  Output=0
[0.056022408571428574, 0.46422589142857146, 0.49960968, 0.18278018285714284, 0.09231115619047618, 0.2583209142857143, 0.09350341684559366, 0.0, 0]

Expect=0  Output=0
[0.0, 0.2727925342857143, 0.4683840752380952, 0.0, 0.0, 0.3079980133333333, 0.27797169514824216, 0.7301587304761905, 0]

Expect=0  Output=0
[0.22408963619047617, 0.631730079047619, 0.6713505076190476, 0.2982202980952381, 0.0, 0.3974167904761905, 0.14427450281695942, 0.6666666666666666, 0]

Expect=0  Output=0
[0.16806722666666668, 0.45944005714285713, 0.6088992971428572, 0.3751803752380952, 0.0, 0.5294159390476191, 0.0676947809648602, 0.3015873019047619, 0]

Expect=1  Output=0
[0.16806722666666668, 0.756161760952381, 0.5464480876190476, 0.28860028857142855, 0.3692446247619047, 0.503867717142857, 0.11254257334169407, 0.2222222219047619, 1]

Expect=0  Output=0
[0.16806722666666668, 0.5982292419047619, 0.4527712723809524, 0.0, 0.0, 0.4485132352380952, 0.03088574368516416, 0.047619047619047616, 0]

Expect=0  Output=0
[0.0, 0.5025125628571429, 0.7025761123809523, 0.0, 0.0, 0.42012632190476185, 0.05034799307631514, 0.3968253971428572, 0]

Expect=0  Output=0
[0.39215686285714285, 0.5455850685714286, 0.5932864952380952, 0.1635401638095238, 0.12383203904761904, 0.3378042723809524, 0.16415984411227863, 0.15873015904761903, 0]

Expect=0  Output=0
[0.39215686285714285, 0.5982292419047619, 0.6713505076190476, 0.0, 0.0, 0.5336739761904762, 0.0956188783481996, 0.47619047619047616, 0]

Expect=0  Output=0
[0.11204481809523809, 0.40201005047619043, 0.3903200628571428, 0.22126022095238093, 0.08555668095238095, 0.43148108761904763, 0.3765522197982665, 0.0, 0]

Expect=1  Output=0
[0.0, 0.646087580952381, 0.5308352847619047, 0.4040404038095238, 0.2814364514285714, 0.6003832238095238, 0.1214275132380507, 0.047619047619047616, 1]

Expect=0  Output=0
[0.0, 0.8279492704761905, 0.6088992971428572, 0.30784030761904757, 0.2983226390476191, 0.659995741904762, 0.45736286564645995, 0.5873015876190476, 0]

Expect=0  Output=0
[0.44817927142857145, 0.5743000714285713, 0.6088992971428572, 0.0, 0.0, 0.35483642000000004, 0.1400435788208652, 0.6825396828571428, 0]

Expect=0  Output=0
[0.44817927142857145, 0.6030150752380952, 0.5776736923809523, 0.3655603657142857, 0.08443093523809522, 0.36761053142857136, 0.03553976057630896, 0.2857142857142857, 0]

Accuracy : 65.78947368421053